id,image_id,prediction_string
0,0,0.490537 208.900000 673.970000 16.420000 48.660000 0.445090 893.630000 187.680000 9.110000 39.140000
1,1, 
2,10,0.707841 4.970000 17.840000 37.490000 58.940000 0.244865 28.890000 578.740000 11.670000 83.630000
3,100,0.309353 997.940000 769.790000 21.760000 52.220000
4,1000, 
5,1001, 
6,1002, 
7,1003, 
8,1004, 
9,1005, 
10,1006,0.496066 256.660000 819.440000 56.360000 39.560000
11,1007, 
12,1008, 
13,1009, 
14,101, 
15,1010, 
16,1011,0.481330 190.190000 375.620000 38.890000 44.710000
17,1012,0.238943 108.170000 796.890000 49.960000 77.880000
18,1013,0.396106 828.420000 395.510000 67.030000 36.050000 0.345693 487.290000 345.860000 25.080000 59.200000
19,1014, 
20,1015,0.431194 610.320000 402.320000 8.880000 62.270000
21,1016,0.514459 421.170000 664.820000 32.820000 61.580000
22,1017,0.239543 455.910000 327.310000 22.650000 17.450000
23,1018,0.345582 464.100000 613.970000 26.810000 49.630000
24,1019, 
25,102, 
26,1020,0.546199 639.660000 506.840000 9.830000 46.610000
27,1021,0.369412 805.630000 394.000000 23.440000 32.020000
28,1022,0.311879 740.300000 848.560000 33.380000 46.130000
29,1023, 
30,1024, 
31,1025, 
32,1026, 
33,1027, 
34,1028, 
35,1029, 
36,103,0.253159 183.180000 331.020000 45.080000 14.440000
37,1030, 
38,1031,0.332647 673.210000 358.200000 19.700000 60.200000 0.237813 586.600000 799.960000 95.910000 29.630000
39,1032, 
40,1033, 
41,1034,0.422790 241.170000 829.850000 52.430000 28.470000
42,1035,0.347946 565.170000 407.800000 12.580000 42.730000 0.272618 365.760000 166.340000 8.210000 39.460000
43,1036,0.370157 169.480000 988.740000 41.940000 33.230000
44,1037, 
45,1038, 
46,1039, 
47,104,0.430639 680.360000 51.090000 15.440000 48.120000
48,1040,0.315833 854.080000 105.820000 29.150000 117.070000
49,1041, 
50,1042,0.424890 832.610000 878.800000 37.190000 17.670000 0.378141 676.740000 87.280000 30.870000 42.220000
51,1043, 
52,1044, 
53,1045, 
54,1046, 
55,1047,0.272454 268.070000 368.430000 15.480000 28.490000 0.250711 900.390000 965.860000 34.120000 9.330000
56,1048, 
57,1049,0.569435 805.470000 265.840000 33.640000 53.540000
58,105, 
59,1050, 
60,1051,0.284570 498.890000 650.210000 29.440000 10.720000
61,1052,0.377887 485.820000 599.240000 45.530000 80.030000 0.236353 376.180000 721.870000 29.140000 19.200000
62,1053, 
63,1054,0.404125 437.690000 201.150000 23.300000 48.600000 0.277194 124.470000 420.340000 53.200000 36.580000
64,1055, 
65,1056,0.488394 936.870000 808.310000 26.910000 66.000000 0.302264 857.110000 240.680000 38.520000 80.040000
66,1057,0.507285 741.870000 149.920000 12.340000 30.300000
67,1058, 
68,1059, 
69,106, 
70,1060,0.651683 281.040000 358.940000 17.720000 64.010000
71,1061,0.682071 669.690000 15.200000 111.220000 56.050000
72,1062, 
73,1063, 
74,1064, 
75,1065, 
76,1066,0.408836 70.010000 875.770000 17.720000 50.770000 0.234071 505.510000 249.870000 49.070000 12.910000
77,1067,0.270872 84.480000 947.420000 15.950000 40.500000
78,1068,1.000000 867.470000 466.880000 24.820000 56.510000 0.268713 835.770000 61.620000 14.340000 33.530000
79,1069, 
80,107, 
81,1070,0.245339 227.680000 891.510000 35.620000 37.710000
82,1071, 
83,1072,0.470247 946.170000 448.970000 26.520000 41.930000
84,1073,0.333414 24.880000 684.330000 95.140000 71.590000 0.324288 614.420000 464.540000 35.200000 17.440000
85,1074, 
86,1075,0.469985 98.670000 409.040000 54.310000 50.410000 0.388208 364.230000 517.370000 12.890000 54.170000
87,1076,0.309316 989.770000 130.250000 13.050000 46.860000
88,1077,0.381546 426.250000 610.690000 33.150000 59.950000 0.341588 81.840000 324.970000 65.890000 36.790000
89,1078,0.290769 96.860000 889.160000 36.680000 74.390000
90,1079,0.474582 16.490000 678.560000 42.720000 31.450000 0.245024 965.700000 476.500000 18.220000 49.340000
91,108,0.820381 9.370000 361.570000 27.970000 49.650000
92,1080, 
93,1081, 
94,1082, 
95,1083,0.375968 132.450000 129.290000 38.240000 42.100000
96,1084, 
97,1085,0.250344 734.630000 854.580000 53.030000 34.850000
98,1086, 
99,1087, 
100,1088, 
101,1089,0.311388 992.280000 520.850000 28.610000 22.070000
102,109, 
103,1090, 
104,1091, 
105,1092, 
106,1093, 
107,1094, 
108,1095, 
109,1096, 
110,1097,0.419791 761.400000 834.830000 49.880000 8.380000 0.392417 928.220000 350.440000 65.380000 35.980000 0.329431 15.560000 873.650000 53.460000 58.640000
111,1098,0.302327 337.790000 461.440000 12.770000 66.400000
112,1099, 
113,11,0.291655 744.850000 270.490000 52.460000 23.010000
114,110,0.366525 2.320000 32.890000 40.760000 45.420000
115,1100,0.238254 843.800000 441.290000 39.980000 12.320000
116,1101, 
117,1102, 
118,1103,0.326310 0.000000 23.890000 52.730000 36.590000
119,1104, 
120,1105, 
121,1106, 
122,1107,0.604385 647.640000 655.280000 67.500000 80.360000
123,1108, 
124,1109,0.253426 512.000000 335.730000 51.860000 56.610000
125,111,0.737994 1.030000 123.080000 70.710000 33.870000 0.282596 22.650000 55.990000 18.060000 51.060000
126,1110, 
127,1111,0.784606 969.410000 598.150000 22.270000 68.550000
128,1112, 
129,1113,0.269935 190.500000 139.560000 33.370000 45.690000
130,1114,0.341111 767.360000 799.920000 31.710000 32.340000
131,1115,0.365090 349.090000 296.240000 23.780000 54.590000
132,1116, 
133,1117, 
134,1118, 
135,1119,0.307141 256.900000 799.950000 44.780000 36.740000
136,112,0.337983 607.520000 344.040000 21.360000 54.240000
137,1120, 
138,1121, 
139,1122, 
140,1123,0.277898 61.560000 111.220000 20.040000 27.420000
141,1124,0.325196 86.200000 769.580000 47.020000 48.650000
142,1125, 
143,1126,0.463029 847.770000 462.700000 71.410000 23.560000
144,1127,0.585138 726.530000 635.170000 46.610000 102.930000
145,1128, 
146,1129, 
147,113,0.588373 780.440000 439.990000 16.530000 37.420000 0.488115 555.020000 357.020000 19.590000 25.130000 0.437590 998.890000 673.780000 13.890000 43.950000
148,1130, 
149,1131,0.589351 539.120000 487.200000 21.720000 56.680000 0.343901 3.990000 408.870000 25.880000 45.060000
150,1132, 
151,1133,0.436845 357.450000 608.260000 24.330000 49.420000 0.249935 9.430000 990.170000 56.230000 23.170000
152,1134,0.407116 67.820000 640.780000 35.050000 48.000000 0.335309 321.040000 423.040000 27.670000 62.760000
153,1135, 
154,1136, 
155,1137, 
156,1138, 
157,1139,0.279738 610.900000 970.420000 48.160000 21.190000
158,114, 
159,1140, 
160,1141,0.400925 606.820000 914.460000 83.760000 14.050000 0.303138 519.530000 742.190000 55.210000 27.180000
161,1142, 
162,1143,0.469740 227.820000 502.230000 46.170000 25.750000 0.355651 588.110000 825.710000 39.010000 33.880000
163,1144, 
164,1145, 
165,1146,0.288963 1.280000 997.210000 15.130000 26.790000
166,1147, 
167,1148, 
168,1149, 
169,115, 
170,1150,0.414293 342.290000 282.930000 20.470000 58.150000
171,1151, 
172,1152,0.327954 81.790000 944.060000 21.760000 25.350000
173,1153, 
174,1154, 
175,1155,0.253771 696.160000 959.130000 60.490000 18.410000
176,1156, 
177,1157, 
178,1158,0.300075 706.100000 376.360000 27.480000 27.430000
179,1159, 
180,116,0.820394 438.210000 270.910000 68.450000 27.170000
181,1160, 
182,1161,0.395016 781.630000 814.530000 24.120000 45.680000
183,1162, 
184,1163, 
185,1164, 
186,1165, 
187,1166, 
188,1167, 
189,1168,0.247169 765.150000 526.530000 36.190000 36.580000
190,1169, 
191,117, 
192,1170,0.310396 883.890000 335.350000 10.980000 50.700000
193,1171,0.654829 367.810000 496.420000 41.620000 39.800000 0.235407 566.700000 843.660000 50.750000 27.940000
194,1172, 
195,1173,0.249601 348.520000 486.170000 20.000000 25.850000
196,1174, 
197,1175, 
198,1176, 
199,1177, 
200,1178,0.402331 650.950000 410.800000 10.960000 45.940000
201,1179,0.407704 266.760000 107.040000 16.590000 33.710000
202,118,0.380967 944.940000 302.770000 69.880000 22.700000
203,1180, 
204,1181,0.352586 7.190000 363.400000 43.870000 11.140000 0.288579 1007.860000 571.670000 14.510000 36.930000
205,1182,0.434369 906.050000 974.380000 48.970000 47.350000
206,1183, 
207,1184, 
208,1185,0.759689 327.740000 771.090000 37.660000 54.680000 0.333672 196.440000 240.870000 34.800000 57.790000 0.308774 93.670000 405.060000 31.100000 44.520000 0.280809 980.040000 182.130000 17.860000 58.630000
209,1186,0.313033 859.370000 638.450000 40.930000 15.160000
210,1187, 
211,1188, 
212,1189,0.435899 799.300000 305.170000 16.900000 50.080000 0.417188 747.630000 326.080000 21.990000 28.180000
213,119, 
214,1190,0.424427 729.500000 886.710000 69.280000 39.920000
215,1191,0.533750 119.93 97.81 62.38 85.03
216,1192,0.440248 200.590000 860.480000 35.680000 45.170000
217,1193, 
218,1194, 
219,1195,0.629321 577.250000 532.640000 34.580000 47.050000 0.248903 266.790000 344.680000 28.280000 25.140000
220,1196, 
221,1197,0.403342 1.470000 908.820000 21.400000 19.860000
222,1198, 
223,1199,0.487110 248.860000 191.430000 44.100000 43.580000
224,12,0.587397 958.730000 657.930000 45.610000 32.190000 0.295424 425.040000 341.320000 30.340000 11.080000
225,120,0.463636 191.100000 424.300000 33.210000 8.430000
226,1200,0.459727 459.730000 533.230000 30.010000 59.270000
227,1201,0.275731 48.630000 815.620000 13.260000 50.940000
228,1202, 
229,1203,0.291288 186.120000 797.780000 64.730000 63.820000
230,1204, 
231,1205,0.669953 794.300000 786.120000 12.230000 29.930000
232,1206,0.335021 597.890000 294.480000 35.380000 41.250000
233,1207,0.332926 654.010000 793.530000 20.550000 32.560000 0.245569 577.180000 4.910000 51.690000 44.370000
234,1208, 
235,1209,0.253819 367.450000 397.910000 31.410000 40.530000
236,121,0.455127 520.300000 291.340000 18.050000 66.550000
237,1210,0.251304 833.500000 130.540000 49.250000 23.320000 0.246059 697.050000 317.620000 34.800000 45.010000
238,1211, 
239,1212, 
240,1213,0.413911 600.820000 132.100000 9.700000 30.090000
241,1214, 
242,1215, 
243,1216, 
244,1217, 
245,1218, 
246,1219, 
247,122, 
248,1220,0.294034 920.600000 245.420000 45.330000 25.480000
249,1221, 
250,1222, 
251,1223, 
252,1224,0.600931 559.830000 719.640000 40.350000 41.540000
253,1225, 
254,1226, 
255,1227, 
256,1228, 
257,1229,0.313771 844.500000 685.720000 46.000000 36.540000
258,123, 
259,1230, 
260,1231,0.314576 832.350000 329.120000 53.900000 39.520000
261,1232, 
262,1233, 
263,1234,0.362262 693.450000 923.670000 33.870000 13.060000
264,1235, 
265,1236,0.364217 793.570000 356.780000 11.480000 31.900000
266,1237, 
267,1238, 
268,1239, 
269,124,0.272546 233.870000 987.960000 53.860000 25.780000
270,1240, 
271,1241, 
272,1242, 
273,1243,0.540530 742.400000 576.370000 12.030000 66.160000 0.309750 582.630000 131.120000 54.430000 19.540000
274,1244, 
275,1245,0.634682 806.980000 773.230000 36.430000 56.870000
276,1246, 
277,1247,0.394754 373.640000 418.730000 41.470000 29.490000
278,1248, 
279,1249, 
280,125, 
281,1250,0.277132 367.150000 35.760000 29.690000 59.230000
282,1251, 
283,1252,0.505997 608.860000 558.330000 36.750000 38.180000 0.403483 854.250000 285.200000 18.220000 56.010000
284,1253, 
285,1254,0.383592 538.320000 32.400000 25.000000 51.680000 0.299665 929.980000 627.020000 53.260000 31.160000
286,1255,0.280408 627.990000 449.960000 45.440000 31.870000
287,1256, 
288,1257, 
289,1258,0.397012 675.820000 681.390000 39.540000 14.340000 0.238223 640.380000 237.120000 37.760000 32.440000
290,1259,0.429171 874.610000 270.560000 11.780000 31.010000
291,126,0.300504 876.230000 273.240000 58.170000 57.020000
292,1260, 
293,1261, 
294,1262, 
295,1263,0.416859 720.990000 669.780000 11.870000 77.000000 0.297416 147.470000 730.610000 14.470000 25.420000
296,1264, 
297,1265,0.234972 965.690000 31.500000 25.130000 18.680000
298,1266, 
299,1267,0.272916 547.820000 891.340000 15.620000 64.630000
300,1268, 
301,1269, 
302,127, 
303,1270,0.514136 192.630000 687.400000 22.590000 44.230000 0.391622 919.990000 127.690000 20.140000 70.700000
304,1271,0.416761 302.220000 826.960000 10.540000 43.810000
305,1272, 
306,1273,0.418997 273.930000 271.560000 24.900000 10.520000 0.416198 733.300000 102.080000 71.670000 33.550000 0.258758 339.530000 202.360000 33.450000 45.920000
307,1274,0.391696 829.140000 474.200000 27.500000 40.650000
308,1275, 
309,1276,0.433563 275.470000 422.030000 37.610000 56.660000
310,1277,0.400201 401.820000 781.810000 43.840000 67.830000
311,1278, 
312,1279,0.863275 19.540000 874.260000 36.460000 60.660000 0.589152 367.580000 162.350000 38.170000 42.290000
313,128,0.901506 11.520000 656.030000 25.000000 83.460000
314,1280, 
315,1281, 
316,1282,0.421175 463.550000 538.230000 21.170000 44.280000 0.241055 8.170000 189.460000 38.280000 36.830000
317,1283, 
318,1284,0.284964 431.810000 249.050000 41.730000 27.850000 0.284711 208.640000 735.510000 17.460000 42.830000
319,1285, 
320,1286, 
321,1287,0.458695 649.940000 826.680000 8.530000 43.350000
322,1288,0.413379 346.810000 278.280000 64.060000 24.400000 0.376135 379.720000 94.150000 37.350000 44.650000
323,1289,0.490414 725.160000 590.880000 26.970000 39.860000
324,129,0.389934 152.580000 468.880000 21.490000 63.800000
325,1290,0.545163 725.540000 72.220000 62.130000 28.140000 0.265240 937.970000 611.530000 73.080000 27.300000
326,1291, 
327,1292,0.583637 279.680000 412.900000 55.290000 33.100000 0.523097 660.510000 762.500000 36.540000 42.830000 0.326912 657.820000 493.300000 44.990000 60.210000
328,1293, 
329,1294, 
330,1295,0.293526 155.430000 616.420000 30.190000 54.150000
331,1296, 
332,1297,0.513360 687.530000 808.290000 39.300000 57.900000
333,1298,0.376990 21.630000 360.170000 42.430000 32.630000
334,1299,0.243947 162.430000 688.060000 44.910000 33.270000
335,13, 
336,130,0.478292 753.970000 501.310000 45.550000 27.530000
337,1300, 
338,1301, 
339,1302,0.291912 816.740000 365.320000 75.250000 33.650000
340,1303, 
341,1304, 
342,1305, 
343,1306,0.508187 158.770000 546.840000 14.150000 27.470000 0.290962 836.720000 60.400000 39.600000 35.880000
344,1307,0.496134 27.390000 2.080000 33.700000 37.410000
345,1308, 
346,1309, 
347,131,0.364811 664.300000 737.440000 26.510000 51.370000
348,1310, 
349,1311, 
350,1312, 
351,1313, 
352,1314,0.869858 754.570000 768.660000 53.330000 98.700000 0.350784 295.900000 295.450000 62.660000 33.790000
353,1315, 
354,1316,0.254306 85.260000 278.420000 10.700000 46.250000
355,1317, 
356,1318,0.517140 9.010000 964.850000 25.180000 46.480000 0.331466 95.390000 453.720000 39.550000 9.090000
357,1319,0.328249 532.150000 335.260000 55.800000 30.810000
358,132, 
359,1320,0.236031 322.640000 801.270000 75.700000 45.810000
360,1321, 
361,1322,0.406796 442.150000 880.020000 16.690000 53.160000
362,1323, 
363,1324,0.362000 38.710000 339.950000 56.730000 30.020000
364,1325, 
365,1326, 
366,1327,0.292616 312.060000 856.460000 43.360000 36.850000 0.277410 678.500000 597.480000 55.990000 42.290000
367,1328, 
368,1329, 
369,133,0.297588 802.750000 776.700000 34.570000 45.800000
370,1330,0.271843 732.610000 307.850000 20.870000 56.910000
371,1331,0.496490 564.620000 644.090000 62.320000 51.710000 0.243787 522.660000 299.330000 56.880000 17.540000
372,1332, 
373,1333, 
374,1334, 
375,1335,0.707919 825.190000 436.000000 20.510000 71.390000
376,1336,0.367195 552.850000 882.690000 15.940000 32.690000
377,1337, 
378,1338, 
379,1339, 
380,134,0.373531 491.180000 35.730000 63.140000 40.830000
381,1340,0.379844 428.860000 418.020000 41.710000 48.300000
382,1341, 
383,1342, 
384,1343, 
385,1344, 
386,1345,0.304683 993.370000 203.460000 21.470000 15.570000
387,1346, 
388,1347,0.329896 591.640000 534.630000 10.110000 37.960000 0.291519 966.460000 132.980000 23.130000 19.900000
389,1348,0.373395 750.380000 886.810000 63.930000 17.730000
390,1349,0.531657 133.440000 588.610000 29.250000 68.310000 0.370903 35.270000 32.420000 8.990000 35.400000
391,135, 
392,1350, 
393,1351, 
394,1352, 
395,1353,0.241030 571.950000 689.760000 45.680000 23.620000
396,1354, 
397,1355, 
398,1356, 
399,1357,0.270474 197.070000 363.220000 57.920000 39.210000
400,1358, 
401,1359, 
402,136,0.675184 615.780000 424.930000 33.620000 54.040000
403,1360, 
404,1361,0.376776 678.050000 182.330000 23.390000 57.960000
405,1362, 
406,1363, 
407,1364,0.256583 791.250000 680.850000 37.070000 32.560000
408,1365, 
409,1366,0.267290 447.750000 487.540000 23.540000 28.260000
410,1367,0.239243 305.050000 277.560000 26.440000 20.190000
411,1368, 
412,1369, 
413,137, 
414,1370,0.348721 473.970000 153.580000 46.290000 22.780000
415,1371, 
416,1372, 
417,1373,0.256186 793.640000 64.060000 32.350000 37.650000
418,1374,0.243816 886.020000 898.230000 8.290000 44.050000
419,1375, 
420,1376, 
421,1377, 
422,1378,0.292165 332.660000 609.440000 66.430000 30.970000
423,1379, 
424,138, 
425,1380,0.257076 299.920000 64.980000 21.250000 20.520000
426,1381, 
427,1382,0.555389 220.660000 0.000000 21.280000 49.420000 0.300482 545.460000 653.610000 13.390000 40.190000
428,1383, 
429,1384,0.547765 139.850000 896.530000 30.210000 10.570000 0.325161 61.730000 524.050000 44.450000 12.210000
430,1385, 
431,1386,0.415977 931.620000 801.760000 16.890000 21.490000
432,1387, 
433,1388,0.328251 41.760000 945.590000 32.640000 41.270000 0.305269 389.970000 355.120000 22.810000 74.590000
434,1389, 
435,139, 
436,1390,0.335540 556.600000 865.530000 32.250000 42.640000
437,1391,0.515134 999.260000 6.510000 19.210000 65.530000 0.275442 146.410000 889.580000 19.690000 31.370000
438,1392, 
439,1393,0.422457 187.030000 605.690000 41.510000 48.870000
440,1394,0.385417 561.910000 917.730000 19.700000 21.860000
441,1395,0.353486 9.290000 889.860000 26.000000 22.110000
442,1396, 
443,1397, 
444,1398, 
445,1399,0.371578 678.430000 274.240000 40.240000 42.960000
446,14, 
447,140, 
448,1400,0.446707 130.710000 711.520000 27.420000 48.750000
449,1401, 
450,1402,0.562603 778.400000 974.800000 52.490000 22.260000
451,1403,0.280099 124.420000 309.390000 28.590000 50.040000
452,1404, 
453,1405, 
454,1406, 
455,1407,0.405466 226.030000 770.750000 34.580000 12.520000
456,1408,0.396547 301.130000 582.140000 47.790000 45.550000
457,1409,0.242292 804.240000 408.640000 15.490000 82.110000
458,141,0.548468 441.020000 371.430000 29.760000 48.810000 0.321852 496.520000 874.140000 53.910000 49.050000
459,1410, 
460,1411, 
461,1412,0.430276 398.040000 216.440000 23.320000 52.120000
462,1413, 
463,1414, 
464,1415,0.279223 957.920000 812.390000 47.210000 46.730000
465,1416, 
466,1417,0.398535 657.450000 624.740000 51.700000 19.130000 0.358131 986.400000 179.300000 24.000000 58.540000
467,1418, 
468,1419,0.362477 486.650000 899.220000 41.030000 33.470000 0.347963 620.950000 442.120000 56.840000 18.070000 0.335796 582.680000 485.910000 34.870000 47.850000
469,142, 
470,1420,0.267322 453.480000 577.130000 30.990000 15.490000
471,1421,0.291009 959.170000 863.480000 45.450000 40.870000
472,1422, 
473,1423,0.259625 846.080000 516.360000 33.030000 14.740000
474,1424, 
475,1425, 
476,1426, 
477,1427, 
478,1428, 
479,1429, 
480,143,0.512549 654.770000 596.690000 29.250000 58.040000 0.336788 665.640000 692.990000 24.410000 42.930000
481,1430, 
482,1431,0.412358 976.560000 664.790000 43.930000 49.330000 0.327122 677.850000 858.510000 18.590000 30.830000 0.275173 546.420000 304.920000 39.650000 10.480000
483,1432,0.379856 849.580000 807.120000 36.390000 38.300000
484,1433,0.345183 560.110000 260.400000 31.280000 54.540000
485,1434,0.302438 407.890000 385.190000 55.700000 32.570000 0.274433 264.840000 517.570000 57.330000 38.200000
486,1435, 
487,1436,0.835667 791.320000 87.430000 19.270000 89.770000
488,1437, 
489,1438,0.671700 10.450000 323.190000 24.080000 46.660000 0.277184 797.830000 961.900000 22.960000 41.010000 0.268570 886.810000 964.820000 47.030000 25.870000
490,1439,0.294728 507.170000 191.220000 37.970000 34.810000
491,144, 
492,1440,0.415496 741.980000 307.060000 20.320000 53.770000 0.373524 14.400000 623.190000 41.170000 50.950000
493,1441, 
494,1442,0.364831 674.740000 447.570000 9.630000 83.950000
495,1443,0.324984 526.500000 192.800000 51.170000 16.530000 0.249408 20.070000 875.330000 21.970000 30.610000
496,1444,0.360021 425.880000 629.030000 8.040000 51.380000
497,1445, 
498,1446,0.534049 719.700000 133.220000 36.620000 40.630000 0.247173 146.080000 204.710000 26.680000 45.230000
499,1447, 
500,1448,0.536479 847.860000 28.880000 29.530000 42.150000
501,1449, 
502,145, 
503,1450,0.351997 104.890000 432.590000 36.460000 35.240000
504,1451,0.761217 259.690000 803.020000 22.000000 75.920000 0.566910 536.860000 251.620000 10.640000 40.720000
505,1452,0.321334 158.850000 580.840000 53.440000 8.630000
506,1453, 
507,1454,0.407719 936.640000 156.510000 42.030000 45.380000
508,1455,0.639659 752.410000 307.490000 117.970000 57.060000
509,1456, 
510,1457, 
511,1458, 
512,1459,0.330361 743.130000 36.700000 65.230000 41.770000
513,146,0.685506 708.610000 889.320000 28.670000 56.650000
514,1460,0.605904 582.120000 106.310000 36.140000 37.010000
515,1461, 
516,1462, 
517,1463, 
518,1464, 
519,1465,0.378033 607.170000 444.910000 18.600000 57.090000
520,1466,0.326439 978.470000 850.520000 14.400000 28.060000
521,1467, 
522,1468, 
523,1469, 
524,147,0.487180 152.440000 23.140000 26.260000 43.500000
525,1470, 
526,1471,0.572463 563.190000 355.330000 28.220000 58.330000 0.375108 399.990000 451.820000 26.860000 46.620000
527,1472,0.253422 53.950000 0.000000 54.120000 25.660000
528,1473, 
529,1474,0.253587 12.990000 891.450000 13.390000 35.570000
530,1475,0.255459 489.760000 509.190000 27.080000 23.590000 0.249970 978.620000 449.400000 42.790000 32.560000
531,1476,0.340236 105.540000 383.440000 9.830000 60.070000
532,1477,0.310682 977.120000 925.490000 19.140000 25.510000
533,1478,0.435278 149.350000 859.670000 20.630000 51.950000 0.347343 903.750000 156.770000 64.770000 43.320000
534,1479,0.659251 210.430000 404.640000 14.790000 36.700000
535,148, 
536,1480, 
537,1481, 
538,1482,0.519873 529.890000 607.620000 54.250000 22.310000 0.323224 827.560000 455.920000 9.350000 42.830000
539,1483,0.363283 197.260000 694.800000 64.830000 27.480000
540,1484, 
541,1485,0.744363 27.310000 475.630000 30.490000 65.960000
542,1486,0.565798 863.100000 313.920000 31.030000 55.340000
543,1487, 
544,1488, 
545,1489,0.394545 161.830000 880.560000 40.960000 36.550000
546,149,0.594083 945.830000 896.390000 31.970000 48.730000 0.416389 903.730000 65.930000 78.460000 35.760000
547,1490,0.312410 553.350000 390.160000 53.870000 29.270000 0.258866 424.320000 892.690000 26.330000 50.830000
548,1491, 
549,1492,0.264504 964.510000 724.810000 23.810000 61.900000
550,1493,0.316187 971.370000 892.580000 11.440000 35.840000
551,1494,0.336303 559.360000 706.750000 35.540000 50.170000
552,1495,0.349450 772.550000 342.090000 52.560000 17.220000
553,1496, 
554,1497, 
555,1498, 
556,1499,0.630374 987.400000 762.680000 25.630000 65.190000
557,15, 
558,150,0.466123 675.260000 303.390000 50.540000 35.530000 0.425942 666.180000 964.230000 48.690000 36.650000
559,1500, 
560,1501, 
561,1502,0.483401 304.930000 515.260000 28.560000 15.170000
562,1503,0.241621 112.010000 571.010000 57.020000 75.700000
563,1504,0.255267 1006.600000 321.160000 11.330000 56.040000
564,1505, 
565,1506,0.376739 870.780000 743.420000 15.170000 33.110000
566,1507,0.289055 165.610000 215.340000 15.340000 48.630000
567,1508,0.477051 912.640000 728.460000 29.470000 48.990000 0.408959 69.050000 86.170000 22.530000 52.200000
568,1509,0.350820 390.750000 276.010000 31.350000 52.830000 0.267625 931.190000 409.820000 68.480000 20.870000
569,151,0.354868 827.190000 234.510000 7.850000 33.800000 0.296037 1005.460000 880.480000 12.050000 35.250000
570,1510, 
571,1511,0.275588 329.680000 689.370000 28.710000 16.070000
572,1512,0.320741 265.290000 351.640000 26.060000 31.100000
573,1513, 
574,1514,0.279180 600.650000 16.620000 72.690000 22.880000
575,1515, 
576,1516, 
577,1517, 
578,1518, 
579,1519, 
580,152, 
581,1520, 
582,1521,0.398822 735.550000 817.910000 31.060000 43.450000
583,1522,0.416286 981.010000 840.370000 39.740000 55.540000
584,1523, 
585,1524, 
586,1525, 
587,1526,0.629838 768.110000 619.490000 25.940000 56.080000 0.269606 325.510000 745.900000 19.440000 55.090000
588,1527,0.325495 408.610000 835.160000 23.500000 24.200000
589,1528, 
590,1529,0.454908 668.330000 252.960000 15.230000 31.710000
591,153, 
592,1530,0.378955 694.300000 47.630000 9.580000 84.350000
593,1531, 
594,1532,0.397203 591.910000 96.130000 34.990000 56.360000
595,1533, 
596,1534, 
597,1535,0.351022 198.830000 9.610000 12.220000 40.640000
598,1536,0.736977 474.190000 80.060000 26.020000 56.780000
599,1537,0.280502 238.320000 252.990000 100.590000 29.590000
600,1538, 
601,1539, 
602,154,0.282149 704.850000 539.490000 56.140000 43.010000
603,1540, 
604,1541, 
605,1542, 
606,1543,0.742561 427.130000 559.270000 46.970000 94.980000 0.445783 798.360000 10.980000 45.790000 23.340000 0.310071 292.940000 226.150000 49.650000 28.440000
607,1544, 
608,1545, 
609,1546, 
610,1547, 
611,1548, 
612,1549, 
613,155,0.325565 832.490000 939.490000 42.890000 54.670000 0.303324 654.110000 5.190000 32.540000 32.950000
614,1550,0.296533 433.110000 490.530000 16.500000 23.110000
615,1551, 
616,1552, 
617,1553,0.303332 743.480000 803.930000 56.450000 28.230000
618,1554, 
619,1555,0.440484 397.080000 303.320000 19.020000 51.170000
620,1556, 
621,1557,0.285290 155.850000 14.020000 54.530000 26.810000
622,1558,0.420568 252.730000 354.940000 15.380000 29.230000
623,1559, 
624,156,0.717951 573.660000 43.470000 136.620000 74.390000 0.549304 78.930000 716.850000 35.970000 50.320000 0.461769 557.360000 212.720000 16.520000 49.510000
625,1560, 
626,1561,0.699485 804.420000 123.090000 61.020000 36.590000
627,1562, 
628,1563, 
629,1564,0.294249 13.880000 103.650000 12.440000 27.100000
630,1565,0.333738 878.960000 351.840000 9.250000 31.250000
631,1566, 
632,1567, 
633,1568, 
634,1569, 
635,157,0.368273 175.860000 401.470000 30.170000 17.070000
636,1570, 
637,1571, 
638,1572, 
639,1573,0.330878 732.760000 826.980000 9.400000 49.920000
640,1574,0.264020 3.280000 106.310000 51.240000 37.920000
641,1575, 
642,1576, 
643,1577, 
644,1578, 
645,1579, 
646,158,0.466258 382.150000 797.540000 32.530000 18.060000 0.246821 919.690000 352.660000 32.080000 41.880000
647,1580,0.369362 121.880000 706.070000 49.000000 29.020000 0.287609 126.170000 523.130000 33.050000 12.250000
648,1581, 
649,1582, 
650,1583,0.545461 691.240000 755.550000 65.780000 40.180000 0.344653 552.800000 745.150000 10.200000 85.200000
651,1584, 
652,1585, 
653,1586,0.366335 731.500000 797.210000 37.570000 57.660000
654,1587, 
655,1588, 
656,1589,0.622466 801.570000 552.180000 63.270000 33.110000 0.363682 353.600000 960.800000 10.440000 60.770000
657,159,0.570149 695.220000 686.520000 29.770000 66.910000 0.558769 17.610000 396.940000 90.740000 21.010000
658,1590,0.302240 871.110000 343.400000 28.530000 38.850000
659,1591, 
660,1592,0.271832 135.590000 265.430000 19.430000 57.050000
661,1593, 
662,1594,0.294770 247.270000 478.570000 14.610000 67.230000
663,1595,0.407743 823.050000 618.780000 36.190000 42.000000
664,1596, 
665,1597, 
666,1598, 
667,1599,0.359953 840.850000 95.090000 45.370000 19.830000
668,16,0.391924 789.330000 871.130000 18.970000 53.600000
669,160, 
670,1600, 
671,1601, 
672,1602,0.392644 581.950000 14.360000 29.710000 12.600000
673,1603,0.431089 3.770000 148.950000 65.100000 19.410000 0.416000 378.420000 43.100000 35.970000 40.390000 0.334607 495.870000 620.200000 18.420000 32.140000
674,1604, 
675,1605,0.543937 964.340000 906.460000 48.630000 29.500000 0.519093 276.430000 105.610000 14.280000 76.130000 0.418649 158.450000 2.510000 55.850000 21.930000 0.274331 728.240000 140.310000 28.910000 53.020000
676,1606, 
677,1607, 
678,1608,0.464285 851.400000 196.180000 11.970000 38.570000 0.321505 277.860000 453.000000 84.340000 35.800000
679,1609, 
680,161,0.720907 824.780000 454.690000 63.640000 38.260000 0.302827 454.550000 254.780000 17.080000 41.120000
681,1610, 
682,1611, 
683,1612,0.289406 286.920000 262.840000 14.730000 40.360000
684,1613,0.454750 828.810000 31.820000 32.170000 58.050000 0.319980 67.880000 245.480000 10.810000 73.600000
685,1614, 
686,1615, 
687,1616,0.276365 152.850000 704.280000 25.000000 20.060000
688,1617, 
689,1618,0.922288 950.230000 572.630000 20.480000 79.600000 0.735928 118.540000 7.680000 56.790000 30.140000 0.347051 503.760000 565.060000 24.470000 54.480000 0.342077 922.750000 16.630000 54.220000 74.060000
690,1619, 
691,162, 
692,1620,0.558233 993.740000 21.670000 24.600000 67.720000 0.306256 427.730000 339.080000 9.490000 52.570000
693,1621,0.409802 526.480000 768.820000 61.560000 43.980000
694,1622,0.320648 97.700000 515.240000 41.260000 81.160000
695,1623, 
696,1624,0.451967 370.130000 555.540000 28.210000 51.800000
697,1625, 
698,1626,0.399882 430.760000 483.310000 37.030000 11.590000
699,1627,0.558067 903.560000 636.580000 28.880000 53.170000 0.408849 411.260000 44.280000 53.030000 29.480000
700,1628,0.271638 750.670000 269.820000 33.100000 39.650000
701,1629,0.450175 542.180000 771.650000 35.220000 42.920000
702,163,0.268230 771.260000 722.890000 58.240000 16.450000
703,1630, 
704,1631, 
705,1632,0.248949 922.460000 891.630000 32.520000 40.080000
706,1633, 
707,1634, 
708,1635,0.343241 968.700000 2.320000 44.150000 29.460000 0.330154 26.950000 197.530000 62.640000 19.280000
709,1636, 
710,1637, 
711,1638, 
712,1639,0.260508 402.760000 523.130000 30.450000 23.170000
713,164, 
714,1640, 
715,1641,0.250020 487.000000 361.160000 59.010000 28.950000
716,1642,0.505224 687.490000 223.780000 16.150000 24.670000 0.386351 656.870000 855.900000 47.880000 49.270000
717,1643, 
718,1644,0.578747 613.030000 150.320000 30.420000 70.990000
719,1645, 
720,1646, 
721,1647,0.463188 642.480000 6.460000 9.230000 59.600000
722,1648,0.368078 411.830000 479.790000 21.200000 77.310000
723,1649,0.410007 935.560000 528.000000 56.380000 33.340000 0.259154 301.270000 782.050000 43.320000 15.820000
724,165, 
725,1650,0.275986 975.410000 296.810000 36.140000 34.650000
726,1651, 
727,1652, 
728,1653,0.691013 516.880000 193.290000 30.720000 72.300000
729,1654, 
730,1655,0.267500 204.540000 375.290000 53.720000 7.740000
731,1656,0.463042 16.320000 70.670000 54.950000 18.140000
732,1657, 
733,1658,0.509208 388.640000 743.670000 50.850000 30.000000
734,1659, 
735,166, 
736,1660, 
737,1661,0.544701 284.600000 957.290000 38.090000 52.020000
738,1662,0.748768 296.930000 548.330000 27.200000 62.490000
739,1663,0.284005 308.470000 167.580000 24.690000 95.270000
740,1664,0.334151 818.540000 801.720000 42.480000 14.280000
741,1665, 
742,1666,0.308354 812.210000 791.890000 29.610000 62.720000
743,1667, 
744,1668, 
745,1669, 
746,167, 
747,1670,0.533033 7.740000 975.970000 61.900000 20.630000
748,1671,0.246765 998.120000 644.080000 19.390000 62.020000
749,1672, 
750,1673, 
751,1674, 
752,1675,0.507527 900.070000 708.770000 50.560000 58.900000
753,1676,0.416048 428.770000 545.770000 15.310000 61.160000 0.375955 3.240000 277.890000 60.050000 30.640000
754,1677,0.388952 114.100000 919.350000 21.800000 54.940000
755,1678, 
756,1679, 
757,168, 
758,1680,0.355273 110.630000 523.010000 31.430000 48.830000
759,1681, 
760,1682, 
761,1683, 
762,1684,0.406024 500.190000 832.320000 17.430000 58.350000
763,1685, 
764,1686,0.405843 847.220000 538.860000 12.550000 47.990000 0.388907 548.220000 694.110000 37.060000 37.650000 0.250024 627.020000 282.810000 23.440000 16.330000
765,1687, 
766,1688, 
767,1689, 
768,169,0.380849 124.640000 395.350000 34.110000 49.760000
769,1690, 
770,1691, 
771,1692, 
772,1693, 
773,1694,0.438820 347.650000 213.610000 32.190000 85.790000 0.425454 299.790000 95.450000 50.400000 78.620000
774,1695, 
775,1696, 
776,1697,0.389631 643.160000 621.790000 23.740000 54.670000 0.286233 340.290000 166.640000 55.700000 29.970000
777,1698, 
778,1699, 
779,17,0.294399 34.670000 347.960000 31.860000 42.150000
780,170, 
781,1700,0.258498 469.360000 378.160000 36.880000 46.590000
782,1701, 
783,1702,0.532483 67.780000 907.320000 38.330000 42.610000 0.468097 136.320000 354.470000 11.100000 31.690000
784,1703,0.418692 422.940000 62.850000 12.410000 41.890000
785,1704,0.454274 442.240000 230.810000 20.400000 53.940000
786,1705, 
787,1706,0.448168 1000.350000 316.500000 19.810000 59.840000
788,1707,0.613713 880.600000 742.910000 28.410000 78.550000
789,1708, 
790,1709,0.446386 382.360000 469.470000 11.080000 50.840000
791,171, 
792,1710,0.296626 747.670000 258.210000 40.950000 12.470000
793,1711,0.388900 217.020000 67.420000 13.140000 50.450000
794,1712, 
795,1713, 
796,1714, 
797,1715, 
798,1716,0.309976 545.270000 198.110000 21.000000 25.830000 0.301811 708.600000 714.290000 57.740000 17.440000
799,1717,0.366773 229.500000 854.910000 37.300000 67.550000
800,1718, 
801,1719, 
802,172, 
803,1720,0.374095 354.860000 18.460000 18.580000 62.830000
804,1721, 
805,1722, 
806,1723,0.271293 547.610000 3.460000 60.600000 9.970000
807,1724,0.657390 903.340000 785.660000 28.130000 54.460000 0.295098 465.810000 17.190000 44.420000 28.940000
808,1725,0.272929 96.060000 900.850000 28.320000 43.260000
809,1726, 
810,1727, 
811,1728,0.629588 106.260000 778.320000 28.600000 39.470000
812,1729, 
813,173,0.342843 104.430000 172.610000 36.720000 42.580000
814,1730,0.316444 369.060000 300.480000 71.380000 26.730000
815,1731,0.400378 449.640000 739.470000 19.290000 35.550000
816,1732,0.381413 156.230000 938.150000 52.910000 36.950000 0.375005 586.940000 491.300000 15.370000 66.320000
817,1733, 
818,1734,0.489159 623.160000 398.760000 22.150000 27.580000
819,1735,0.282806 1003.000000 487.690000 19.050000 22.700000
820,1736, 
821,1737, 
822,1738,0.568796 62.660000 541.620000 30.450000 56.120000 0.501811 749.450000 607.230000 16.180000 22.010000
823,1739,0.338544 430.810000 135.210000 47.400000 26.890000
824,174,0.569186 14.610000 3.180000 52.410000 27.910000
825,1740,0.306097 911.290000 380.110000 15.980000 52.660000
826,1741,0.479028 353.610000 332.580000 35.910000 46.450000
827,1742, 
828,1743,0.306985 107.370000 97.200000 11.650000 69.470000
829,1744, 
830,1745, 
831,1746,0.523223 197.080000 950.570000 53.830000 34.500000
832,1747,0.334556 669.080000 22.560000 34.770000 112.410000
833,1748,0.399246 565.190000 731.090000 66.550000 50.070000
834,1749,0.436135 780.570000 909.140000 35.250000 46.270000
835,175,0.730813 157.010000 622.690000 21.180000 54.950000 0.566177 950.350000 833.790000 64.570000 86.420000
836,1750, 
837,1751, 
838,1752, 
839,1753,0.512771 419.190000 683.650000 55.640000 24.220000
840,1754,0.250885 462.120000 4.110000 57.040000 10.280000
841,1755,0.795476 691.230000 161.880000 109.300000 75.580000
842,1756,0.339919 467.810000 691.800000 35.020000 43.840000 0.293212 597.950000 51.760000 20.710000 16.540000
843,1757, 
844,1758,0.319504 799.760000 603.300000 38.590000 15.970000
845,1759,0.418324 775.360000 446.400000 19.850000 74.500000
846,176,0.407094 14.980000 50.980000 18.160000 50.100000
847,1760, 
848,1761,0.282835 362.710000 161.530000 17.080000 62.860000
849,1762, 
850,1763, 
851,1764,0.240782 117.720000 329.730000 75.680000 22.360000
852,1765,0.492587 917.780000 477.680000 19.220000 68.800000
853,1766,0.390775 576.810000 937.490000 49.650000 41.760000
854,1767,0.571450 517.230000 249.340000 69.790000 42.390000
855,1768,0.529577 199.680000 759.590000 37.620000 67.050000 0.300139 455.360000 55.780000 41.060000 69.270000
856,1769,0.406469 944.630000 640.820000 44.900000 31.240000
857,177, 
858,1770,0.453237 252.650000 93.860000 21.870000 58.350000
859,1771,0.234284 671.230000 11.910000 25.500000 11.130000
860,1772, 
861,1773, 
862,1774,0.398071 36.020000 993.950000 54.830000 26.830000 0.278781 630.810000 118.400000 14.250000 39.570000 0.266264 653.840000 437.010000 27.390000 65.270000
863,1775, 
864,1776,0.332017 289.780000 829.430000 40.100000 52.380000 0.273986 703.410000 848.770000 40.910000 36.650000
865,1777, 
866,1778,0.563977 423.790000 8.270000 54.470000 30.550000
867,1779,0.479199 855.440000 108.120000 9.780000 55.080000
868,178, 
869,1780,0.386053 938.220000 263.610000 11.950000 57.640000
870,1781,0.435598 487.660000 115.620000 25.990000 11.290000
871,1782, 
872,1783, 
873,1784, 
874,1785,0.426207 371.900000 885.550000 14.330000 29.730000
875,1786,0.297021 450.290000 545.020000 18.240000 59.460000
876,1787, 
877,1788,0.427639 580.100000 633.790000 28.960000 37.370000
878,1789, 
879,179, 
880,1790,0.329445 161.050000 378.930000 42.040000 23.750000
881,1791,0.348752 684.030000 533.980000 47.160000 39.650000
882,1792,0.439866 721.400000 514.350000 34.610000 33.840000
883,1793, 
884,1794, 
885,1795, 
886,1796,0.484238 846.220000 811.990000 26.390000 14.940000
887,1797,0.331249 836.060000 265.220000 41.050000 43.010000
888,1798, 
889,1799, 
890,18,0.347668 515.860000 491.180000 25.220000 17.330000
891,180, 
892,1800,0.724984 702.630000 93.690000 29.100000 78.620000
893,1801,0.688599 855.120000 960.120000 23.740000 58.750000
894,1802, 
895,1803,0.387002 507.840000 685.450000 45.450000 38.860000
896,1804, 
897,1805, 
898,1806, 
899,1807, 
900,1808, 
901,1809, 
902,181, 
903,1810, 
904,1811,0.446733 472.000000 316.150000 43.770000 46.750000
905,1812, 
906,1813, 
907,1814,0.419053 182.470000 40.820000 50.720000 54.440000
908,1815, 
909,1816, 
910,1817, 
911,1818,0.372806 329.270000 916.080000 11.110000 44.730000
912,1819, 
913,182,0.261693 305.950000 512.740000 28.410000 46.440000
914,1820,0.337007 369.440000 641.950000 44.530000 41.070000 0.289048 970.870000 726.560000 28.680000 34.820000
915,1821, 
916,1822,0.290914 585.900000 39.740000 49.130000 58.790000 0.288596 790.200000 462.050000 61.870000 16.900000 0.266579 394.420000 503.910000 30.090000 22.930000
917,1823, 
918,1824,0.331355 914.510000 612.700000 50.620000 48.130000 0.324781 385.580000 511.860000 26.740000 15.200000
919,1825, 
920,1826, 
921,1827, 
922,1828, 
923,1829, 
924,183,0.479034 184.290000 252.930000 30.340000 65.270000
925,1830, 
926,1831,0.259519 62.620000 975.360000 44.210000 23.100000
927,1832,0.357287 307.590000 825.190000 40.010000 41.530000 0.348602 837.480000 690.340000 19.820000 68.710000
928,1833,0.652816 769.270000 19.910000 24.050000 62.130000 0.311528 69.840000 797.850000 18.560000 27.370000
929,1834,0.720519 46.450000 627.700000 8.970000 56.800000
930,1835,0.375215 37.120000 117.910000 33.780000 66.260000
931,1836,0.246213 264.180000 242.250000 22.540000 71.680000
932,1837,0.597403 145.440000 125.600000 46.250000 37.240000 0.361871 485.270000 474.400000 74.920000 54.720000
933,1838, 
934,1839, 
935,184, 
936,1840, 
937,1841, 
938,1842,0.293471 173.940000 327.420000 31.930000 50.630000
939,1843, 
940,1844,0.343237 928.960000 444.380000 74.710000 78.560000
941,1845, 
942,1846, 
943,1847, 
944,1848,0.485708 709.740000 930.240000 46.180000 53.730000
945,1849, 
946,185,0.433635 151.800000 194.680000 8.090000 54.320000 0.267857 269.210000 296.900000 67.900000 27.560000 0.263743 608.850000 539.400000 49.960000 88.260000
947,1850,0.749171 620.610000 269.510000 33.560000 70.900000
948,1851,0.401505 34.110000 435.960000 20.510000 55.560000
949,1852, 
950,1853, 
951,1854, 
952,1855,0.435049 519.060000 234.620000 9.620000 39.930000 0.244487 531.020000 58.330000 27.820000 10.420000
953,1856, 
954,1857, 
955,1858,0.428777 322.050000 227.650000 40.400000 42.170000 0.420867 935.690000 624.560000 13.410000 67.920000 0.326348 249.000000 843.400000 14.270000 47.960000
956,1859, 
957,186, 
958,1860,0.277823 453.100000 329.630000 34.900000 16.590000 0.249715 525.380000 281.180000 37.730000 41.840000
959,1861,0.413317 759.410000 471.970000 12.430000 54.730000 0.368488 775.380000 651.780000 71.050000 39.600000
960,1862,0.932134 11.490000 319.410000 23.510000 58.520000 0.390511 24.660000 147.160000 9.650000 51.660000
961,1863, 
962,1864, 
963,1865, 
964,1866, 
965,1867,0.269960 661.780000 369.700000 45.490000 39.480000
966,1868, 
967,1869, 
968,187, 
969,1870, 
970,1871,0.706802 830.320000 771.550000 45.950000 58.820000 0.240327 420.670000 654.910000 33.900000 18.160000
971,1872, 
972,1873,0.380793 713.650000 567.840000 36.650000 52.660000
973,1874,0.294612 450.170000 117.670000 15.010000 63.070000 0.269629 485.160000 391.310000 36.590000 11.460000
974,1875,0.413499 905.260000 703.630000 18.270000 29.870000 0.235262 358.220000 452.340000 52.290000 27.400000
975,1876,0.356009 390.250000 251.940000 47.860000 46.220000
976,1877, 
977,1878, 
978,1879, 
979,188, 
980,1880, 
981,1881, 
982,1882, 
983,1883, 
984,1884, 
985,1885,0.284446 7.710000 228.910000 34.720000 39.270000
986,1886, 
987,1887,0.407610 353.460000 115.980000 10.450000 31.520000 0.368755 334.670000 935.400000 29.880000 40.660000
988,1888, 
989,1889, 
990,189,0.432283 912.250000 171.220000 20.970000 76.440000
991,1890,0.535611 661.230000 497.030000 37.550000 33.130000 0.238230 21.600000 841.300000 31.550000 18.160000
992,1891,0.255912 707.990000 38.260000 61.550000 19.830000
993,1892,0.242247 932.070000 481.270000 56.730000 60.960000
994,1893, 
995,1894, 
996,1895,0.260187 768.590000 271.020000 26.860000 18.680000
997,1896, 
998,1897, 
999,1898, 
1000,1899, 
1001,19,0.303631 121.900000 361.290000 27.100000 48.060000
1002,190,0.810025 110.920000 906.560000 56.810000 36.680000
1003,1900, 
1004,1901,0.564074 122.580000 265.500000 28.380000 55.190000 0.545435 913.190000 586.620000 22.090000 49.660000 0.295703 494.580000 247.570000 32.050000 31.810000
1005,1902, 
1006,1903,0.251083 469.250000 54.980000 39.160000 27.870000
1007,1904,0.563755 967.860000 884.140000 31.450000 49.760000 0.505020 108.090000 842.250000 9.770000 61.110000 0.323857 722.330000 454.970000 25.740000 10.420000
1008,1905, 
1009,1906, 
1010,1907,0.435934 738.250000 790.530000 38.180000 16.200000
1011,1908,0.614797 67.690000 147.280000 40.560000 34.990000 0.329795 547.540000 96.960000 16.950000 36.350000
1012,1909, 
1013,191,0.561142 900.160000 640.730000 44.610000 33.980000 0.398606 237.280000 562.630000 24.220000 21.760000
1014,1910, 
1015,1911,0.375684 267.550000 86.080000 14.370000 46.400000
1016,1912,0.357686 559.420000 120.640000 45.140000 38.670000 0.263111 826.250000 738.350000 50.910000 35.720000
1017,1913, 
1018,1914,0.587464 258.050000 436.390000 26.710000 61.830000 0.460478 222.810000 866.310000 11.580000 32.530000
1019,1915, 
1020,1916, 
1021,1917,0.450761 320.740000 483.920000 28.190000 18.120000
1022,1918, 
1023,1919, 
1024,192,0.663618 422.650000 811.110000 15.870000 31.050000
1025,1920,0.278238 203.430000 833.290000 28.550000 67.770000
1026,1921, 
1027,1922,0.521339 960.830000 269.180000 49.350000 34.310000 0.511272 776.250000 856.800000 44.350000 34.650000
1028,1923, 
1029,1924, 
1030,1925,0.483973 597.400000 922.740000 21.850000 19.320000
1031,1926,0.723568 452.180000 765.930000 31.180000 62.900000
1032,1927, 
1033,1928, 
1034,1929, 
1035,193,0.272864 126.310000 264.930000 36.000000 19.270000 0.266294 782.990000 814.320000 52.830000 37.840000
1036,1930,0.619410 51.710000 825.870000 29.390000 57.380000 0.426473 819.370000 381.630000 50.280000 19.140000 0.421040 947.800000 573.680000 41.340000 38.780000
1037,1931, 
1038,1932, 
1039,1933,0.308430 650.950000 733.690000 35.560000 37.800000 0.259614 609.700000 530.080000 49.590000 7.780000
1040,1934, 
1041,1935, 
1042,1936, 
1043,1937,0.375492 302.320000 909.670000 42.370000 33.780000 0.356428 887.220000 356.920000 41.090000 33.010000
1044,1938, 
1045,1939, 
1046,194,0.328615 480.270000 368.450000 8.950000 46.570000
1047,1940, 
1048,1941, 
1049,1942,0.509370 126.120000 904.460000 51.740000 94.810000
1050,1943, 
1051,1944, 
1052,1945,0.258270 168.920000 603.800000 13.500000 61.840000
1053,1946,0.257259 100.410000 940.820000 31.780000 9.100000
1054,1947, 
1055,1948, 
1056,1949,0.568690 558.980000 518.670000 80.980000 23.840000
1057,195,0.375991 94.970000 822.410000 57.060000 20.690000
1058,1950,0.390467 528.920000 14.220000 14.520000 58.720000
1059,1951,0.259494 880.240000 18.630000 48.570000 41.280000 0.238828 111.660000 545.610000 88.200000 24.680000
1060,1952,0.377694 570.650000 18.420000 20.550000 73.220000 0.292827 19.710000 138.150000 8.540000 46.550000
1061,1953,0.471153 787.250000 858.480000 24.830000 61.910000
1062,1954, 
1063,1955,0.499360 3.340000 972.060000 40.430000 26.290000
1064,1956, 
1065,1957,0.360073 491.090000 580.710000 34.370000 46.720000
1066,1958,0.530251 60.550000 127.640000 33.280000 57.110000 0.279625 561.760000 894.340000 18.940000 50.210000
1067,1959,0.663185 832.060000 5.310000 25.740000 59.490000 0.245967 14.640000 406.270000 42.250000 36.220000
1068,196,0.407900 915.340000 749.110000 37.570000 54.110000
1069,1960, 
1070,1961, 
1071,1962, 
1072,1963,0.260371 0.000000 857.790000 28.230000 44.160000
1073,1964, 
1074,1965,0.544048 448.870000 79.920000 32.200000 56.110000 0.534709 967.290000 709.160000 12.800000 45.090000
1075,1966, 
1076,1967,0.305927 219.430000 29.830000 55.800000 36.440000
1077,1968, 
1078,1969,0.252789 799.670000 363.440000 14.810000 26.220000
1079,197, 
1080,1970, 
1081,1971,0.272746 662.820000 265.040000 55.020000 74.170000
1082,1972,0.661482 805.160000 147.260000 27.780000 42.090000
1083,1973,0.290081 939.570000 779.160000 10.510000 59.980000
1084,1974,0.676964 454.110000 375.070000 20.320000 65.750000
1085,1975,0.490054 379.440000 559.580000 91.310000 21.100000 0.410857 564.000000 4.520000 48.600000 41.000000
1086,1976, 
1087,1977,0.244662 596.650000 116.160000 42.680000 43.790000
1088,1978,0.362709 812.080000 231.750000 89.800000 62.710000 0.257510 96.220000 860.900000 43.650000 61.170000 0.244300 273.320000 347.870000 55.690000 49.140000
1089,1979,0.291274 326.780000 340.450000 51.940000 17.690000
1090,198,0.438428 864.460000 590.420000 28.890000 48.560000 0.339260 534.420000 760.410000 20.620000 75.030000 0.267624 199.730000 986.180000 42.370000 35.000000
1091,1980,0.349058 141.310000 445.650000 64.910000 19.270000
1092,1981,0.273297 673.270000 18.210000 56.590000 32.830000
1093,1982, 
1094,1983,0.273472 155.490000 792.040000 55.990000 9.810000
1095,1984, 
1096,1985,0.436527 617.550000 838.220000 28.900000 41.450000
1097,1986,0.307186 57.980000 537.350000 11.850000 29.920000
1098,1987,0.519847 115.560000 534.060000 24.620000 54.340000 0.429127 677.750000 975.160000 36.790000 13.300000
1099,1988,0.266743 467.430000 692.380000 61.310000 51.580000
1100,1989, 
1101,199, 
1102,1990, 
1103,1991, 
1104,1992, 
1105,1993, 
1106,1994, 
1107,1995, 
1108,1996,0.371347 736.960000 728.230000 61.710000 22.630000
1109,1997, 
1110,1998,0.336494 342.870000 903.890000 37.060000 61.180000
1111,1999, 
1112,2,0.412097 637.850000 294.010000 44.210000 64.630000
1113,20,0.751275 380.660000 86.560000 19.960000 67.160000 0.311154 247.200000 518.810000 14.300000 55.990000
1114,200, 
1115,201, 
1116,202, 
1117,203, 
1118,204,0.316227 400.360000 939.440000 48.300000 47.790000
1119,205,0.594247 753.850000 354.620000 34.230000 64.670000 0.241484 704.360000 611.910000 10.070000 39.060000
1120,206, 
1121,207, 
1122,208,0.585084 953.090000 481.920000 22.510000 49.700000
1123,209,0.261189 197.960000 313.750000 44.570000 33.220000
1124,21, 
1125,210,0.368230 779.640000 269.120000 15.940000 29.000000
1126,211, 
1127,212,0.640222 0.000000 529.330000 47.840000 42.500000
1128,213,0.555068 539.430000 752.680000 8.470000 53.050000 0.246418 971.030000 194.720000 50.800000 34.160000
1129,214,0.273348 437.820000 509.260000 29.850000 9.120000
1130,215,0.275109 181.380000 927.050000 30.450000 57.150000 0.266496 943.830000 955.400000 46.390000 21.960000
1131,216,0.349918 666.540000 867.810000 36.810000 29.860000 0.279022 954.220000 334.160000 11.540000 32.160000
1132,217, 
1133,218,0.653556 765.120000 522.410000 19.100000 85.180000
1134,219,0.256930 346.640000 761.970000 16.390000 29.900000
1135,22,0.583324 312.940000 394.380000 8.980000 55.700000
1136,220, 
1137,221, 
1138,222,0.669934 709.350000 90.240000 69.160000 30.120000
1139,223,0.604943 452.360000 120.960000 42.990000 32.940000
1140,224, 
1141,225,0.262667 235.780000 657.740000 43.930000 28.550000
1142,226, 
1143,227, 
1144,228, 
1145,229,0.313033 843.580000 849.330000 62.270000 50.470000
1146,23, 
1147,230, 
1148,231, 
1149,232,0.249736 773.650000 793.080000 26.030000 44.580000
1150,233, 
1151,234,0.508104 273.310000 142.460000 24.120000 42.440000 0.487944 207.210000 200.360000 30.530000 45.990000 0.244525 483.840000 282.400000 10.720000 43.730000
1152,235,0.395670 297.540000 7.120000 53.780000 50.750000
1153,236,0.560595 581.250000 189.270000 28.120000 37.970000
1154,237,0.573530 321.980000 332.900000 53.240000 21.690000 0.441396 856.440000 1.010000 19.970000 58.180000
1155,238, 
1156,239,0.339367 0.000000 649.140000 59.570000 44.920000 0.239739 339.730000 885.140000 53.830000 19.390000
1157,24, 
1158,240, 
1159,241, 
1160,242,0.410847 655.410000 940.300000 16.780000 33.720000 0.321618 621.430000 839.730000 26.160000 39.880000
1161,243,0.491998 264.320000 352.100000 121.380000 60.180000 0.491239 776.720000 342.060000 88.260000 44.960000
1162,244, 
1163,245, 
1164,246, 
1165,247, 
1166,248,0.548307 585.480000 410.010000 30.880000 48.730000 0.303550 34.640000 710.230000 66.840000 40.050000
1167,249,0.341553 168.570000 305.050000 29.170000 45.110000 0.311791 420.190000 12.520000 65.520000 31.470000
1168,25,0.255948 709.910000 237.920000 21.050000 14.790000
1169,250, 
1170,251, 
1171,252,0.264029 529.250000 838.790000 31.310000 42.400000
1172,253,0.298837 12.440000 968.330000 51.820000 20.610000
1173,254, 
1174,255, 
1175,256,0.315834 804.710000 825.970000 39.570000 31.290000
1176,257,0.300496 944.420000 387.080000 23.710000 24.160000 0.258845 513.950000 574.560000 43.490000 25.630000
1177,258, 
1178,259, 
1179,26,0.249729 535.290000 642.050000 26.620000 44.320000
1180,260,0.607505 603.940000 639.900000 24.040000 71.450000 0.404004 507.600000 781.620000 42.100000 48.310000
1181,261,0.320840 606.910000 33.680000 46.360000 29.210000
1182,262, 
1183,263,0.338718 614.300000 588.270000 17.470000 20.870000
1184,264,0.409361 322.530000 774.160000 9.530000 32.230000
1185,265, 
1186,266, 
1187,267,0.323651 268.600000 24.280000 47.960000 9.590000
1188,268, 
1189,269, 
1190,27,0.409508 810.900000 865.260000 78.550000 35.160000
1191,270, 
1192,271, 
1193,272, 
1194,273, 
1195,274,0.499109 916.400000 547.610000 25.800000 59.710000
1196,275, 
1197,276, 
1198,277, 
1199,278, 
1200,279,0.239771 525.130000 536.240000 32.030000 44.970000
1201,28,0.265254 567.930000 338.090000 51.480000 37.410000
1202,280, 
1203,281,0.312656 91.200000 120.190000 51.330000 31.850000
1204,282, 
1205,283, 
1206,284, 
1207,285,0.772225 865.520000 923.680000 25.730000 63.740000
1208,286, 
1209,287,0.825803 847.090000 658.500000 27.660000 69.760000 0.546638 433.210000 733.320000 14.420000 45.990000
1210,288, 
1211,289,0.599068 491.790000 413.270000 23.140000 29.440000 0.300696 319.010000 537.920000 25.610000 11.760000
1212,29,0.392281 119.060000 730.710000 55.180000 16.790000 0.297479 439.230000 749.800000 33.270000 33.380000
1213,290, 
1214,291,0.356269 190.260000 901.250000 14.890000 27.940000
1215,292,0.324066 674.900000 479.140000 65.840000 33.200000
1216,293, 
1217,294,0.743867 135.010000 468.050000 23.430000 53.050000 0.406962 635.370000 2.180000 42.430000 35.070000
1218,295, 
1219,296,0.324666 81.630000 226.000000 57.510000 35.700000
1220,297, 
1221,298,0.589716 6.520000 100.840000 23.700000 55.830000
1222,299, 
1223,3,0.323178 766.540000 428.600000 28.140000 101.220000
1224,30,0.509445 946.120000 932.240000 76.050000 29.890000 0.320512 577.240000 772.440000 80.350000 26.190000
1225,300,0.503470 710.810000 829.900000 82.810000 65.820000
1226,301,0.605426 609.170000 1.710000 69.490000 90.400000 0.458425 206.790000 111.500000 13.590000 40.600000 0.457269 607.120000 417.230000 49.050000 30.190000 0.385871 776.680000 233.940000 49.700000 33.120000
1227,302,0.335592 105.870000 542.880000 27.660000 45.590000
1228,303,0.349195 794.560000 839.090000 33.310000 54.900000
1229,304,0.316719 449.910000 802.560000 33.210000 11.500000
1230,305, 
1231,306,0.589560 389.070000 497.430000 75.610000 33.610000 0.308412 779.010000 95.000000 53.740000 17.320000
1232,307, 
1233,308, 
1234,309, 
1235,31,0.606687 97.830000 772.200000 44.310000 51.870000
1236,310,0.308820 205.870000 989.180000 42.090000 8.540000
1237,311,0.260935 628.660000 667.660000 54.510000 12.940000
1238,312, 
1239,313, 
1240,314, 
1241,315, 
1242,316,0.264021 658.520000 555.110000 28.280000 53.450000 0.259040 669.820000 578.870000 16.380000 25.850000
1243,317, 
1244,318,0.394242 445.430000 896.700000 59.370000 18.930000
1245,319, 
1246,32, 
1247,320, 
1248,321, 
1249,322, 
1250,323,0.323807 165.400000 630.830000 34.880000 13.250000
1251,324,0.342690 789.160000 586.410000 15.670000 24.990000 0.328448 533.460000 98.290000 33.290000 51.460000
1252,325,0.561318 822.410000 566.280000 34.640000 54.140000
1253,326,0.797268 53.600000 730.570000 19.870000 78.570000 0.305355 911.710000 331.790000 18.910000 25.070000
1254,327,0.305627 383.170000 657.250000 54.900000 28.950000
1255,328,0.422058 86.700000 868.170000 9.440000 45.800000 0.242329 165.080000 43.270000 24.770000 52.890000
1256,329,0.305386 316.980000 957.500000 61.390000 16.560000
1257,33,0.731063 339.150000 763.790000 51.570000 105.030000
1258,330,0.322198 764.180000 742.060000 61.490000 18.880000
1259,331, 
1260,332, 
1261,333,0.290290 233.070000 738.510000 31.960000 33.690000
1262,334, 
1263,335,0.608472 393.510000 459.730000 21.280000 66.030000
1264,336, 
1265,337, 
1266,338, 
1267,339, 
1268,34, 
1269,340,0.481589 177.170000 187.000000 46.020000 31.180000
1270,341, 
1271,342,0.389344 965.450000 377.910000 42.140000 45.540000
1272,343,0.242962 975.470000 56.980000 45.710000 37.420000
1273,344,0.279960 780.010000 172.900000 34.220000 19.110000
1274,345, 
1275,346, 
1276,347, 
1277,348, 
1278,349,0.351682 831.540000 6.180000 25.230000 38.920000 0.338425 680.480000 4.540000 30.930000 38.020000
1279,35,0.622312 709.670000 712.020000 21.260000 51.940000
1280,350, 
1281,351,0.788136 378.650000 791.150000 24.130000 55.220000
1282,352, 
1283,353,0.493969 682.880000 548.880000 9.160000 42.850000
1284,354, 
1285,355, 
1286,356,0.275698 786.580000 436.570000 57.290000 30.710000 0.257584 301.860000 136.570000 55.300000 8.690000
1287,357, 
1288,358, 
1289,359,0.495514 453.320000 549.860000 36.490000 39.690000
1290,36,0.467082 209.840000 218.270000 14.400000 27.240000
1291,360, 
1292,361,0.304242 926.640000 904.350000 37.340000 41.730000
1293,362,0.235379 543.270000 803.310000 36.780000 26.630000
1294,363,0.995316 928.020000 148.500000 27.220000 73.230000 0.473660 329.980000 238.120000 40.060000 47.980000
1295,364,0.352616 290.390000 773.960000 24.190000 46.060000
1296,365, 
1297,366, 
1298,367,0.356077 500.230000 282.700000 37.290000 60.710000
1299,368, 
1300,369,0.306006 510.350000 873.240000 54.970000 9.790000
1301,37, 
1302,370,0.615869 192.380000 887.180000 76.380000 22.580000 0.408579 992.420000 630.730000 23.920000 51.050000
1303,371, 
1304,372,0.732186 791.910000 218.160000 20.830000 59.560000
1305,373, 
1306,374,0.446015 589.500000 706.970000 30.010000 23.710000
1307,375, 
1308,376, 
1309,377,0.382536 712.180000 35.080000 35.390000 55.660000
1310,378,0.525668 106.780000 536.060000 47.850000 28.710000 0.335410 758.670000 818.770000 13.630000 42.220000
1311,379,0.387391 339.130000 220.920000 17.370000 38.150000
1312,38,0.375162 93.370000 0.000000 46.960000 32.530000
1313,380, 
1314,381, 
1315,382,0.314901 982.770000 977.620000 35.050000 41.170000
1316,383,0.671188 705.330000 702.610000 16.260000 78.100000
1317,384, 
1318,385,0.462790 812.140000 471.800000 25.760000 53.460000
1319,386,0.290906 184.850000 957.280000 88.370000 20.980000 0.265850 346.090000 417.720000 29.180000 20.690000
1320,387,0.474068 365.440000 968.910000 56.580000 35.520000
1321,388,0.442070 373.320000 311.280000 8.830000 33.590000
1322,389,0.699874 945.150000 136.500000 23.260000 61.080000
1323,39,0.455548 2.510000 611.350000 27.750000 98.510000 0.385396 211.550000 492.710000 78.340000 25.020000 0.292712 146.310000 362.790000 51.420000 9.220000
1324,390, 
1325,391,0.402080 865.400000 172.510000 26.970000 43.490000 0.263880 610.210000 786.580000 54.240000 30.010000
1326,392, 
1327,393, 
1328,394,0.375199 496.330000 354.040000 76.030000 34.320000
1329,395, 
1330,396, 
1331,397,0.553880 380.620000 602.290000 19.090000 62.260000
1332,398,0.624592 334.760000 209.360000 62.450000 24.960000
1333,399,0.442229 964.940000 373.120000 50.490000 36.940000
1334,4,0.353432 109.140000 684.960000 28.440000 40.090000 0.331175 235.090000 728.830000 21.110000 45.330000
1335,40,0.429626 671.530000 722.900000 9.890000 50.990000
1336,400,0.246713 585.750000 234.640000 42.660000 45.480000
1337,401,0.322697 743.290000 864.520000 26.390000 20.480000
1338,402, 
1339,403, 
1340,404,0.403532 287.590000 596.030000 43.070000 31.820000
1341,405, 
1342,406, 
1343,407,0.645490 284.420000 76.940000 8.040000 50.550000 0.311522 346.930000 607.750000 8.310000 47.200000
1344,408, 
1345,409, 
1346,41, 
1347,410,0.560751 351.860000 783.290000 34.650000 52.850000 0.433150 639.450000 315.400000 8.740000 56.160000
1348,411, 
1349,412, 
1350,413,0.310572 980.670000 945.960000 40.130000 28.090000 0.244045 263.590000 583.970000 23.910000 102.040000
1351,414, 
1352,415,0.396828 792.980000 958.870000 124.620000 48.550000
1353,416,0.251753 87.660000 418.860000 20.160000 56.400000 0.246636 467.660000 728.660000 44.550000 56.240000
1354,417, 
1355,418,0.381846 613.000000 109.950000 58.360000 21.010000
1356,419, 
1357,42,0.475897 442.350000 496.180000 35.130000 15.210000 0.440494 73.430000 261.240000 23.520000 43.300000
1358,420, 
1359,421, 
1360,422, 
1361,423,0.552604 749.320000 548.910000 46.960000 40.600000
1362,424,0.282335 263.100000 630.230000 30.690000 8.670000 0.234475 654.920000 920.110000 17.340000 27.270000
1363,425, 
1364,426,0.424617 311.300000 743.210000 38.790000 62.600000
1365,427, 
1366,428,0.326831 295.100000 99.320000 43.830000 40.620000
1367,429, 
1368,43,0.326426 696.660000 869.820000 26.840000 46.610000 0.312058 657.470000 992.540000 82.530000 22.030000 0.290091 639.910000 378.710000 29.720000 12.620000
1369,430,0.349189 1004.110000 659.630000 17.810000 25.370000
1370,431, 
1371,432, 
1372,433,0.260074 493.690000 150.500000 9.900000 48.910000
1373,434,0.660277 518.190000 370.210000 24.450000 54.730000 0.355814 744.440000 378.310000 41.260000 55.180000 0.301793 955.320000 31.550000 34.180000 14.050000
1374,435,0.279261 356.420000 678.200000 72.990000 20.390000
1375,436, 
1376,437, 
1377,438, 
1378,439, 
1379,44, 
1380,440,0.421712 1.440000 161.630000 36.220000 43.720000
1381,441,0.318102 646.670000 876.110000 43.190000 37.570000
1382,442, 
1383,443,0.271113 916.730000 585.530000 39.450000 48.590000
1384,444,0.392609 833.980000 592.670000 17.580000 55.690000
1385,445,0.297570 12.080000 938.730000 60.060000 14.400000
1386,446,0.512241 250.200000 499.410000 34.740000 49.720000 0.309295 917.960000 790.160000 13.410000 35.290000
1387,447, 
1388,448, 
1389,449,0.278989 678.700000 425.300000 36.830000 9.920000
1390,45,0.364490 312.230000 55.740000 47.060000 40.910000
1391,450, 
1392,451,0.262714 21.420000 488.170000 31.180000 43.490000
1393,452,0.418273 151.960000 2.180000 34.820000 59.920000 0.256568 249.000000 85.170000 48.150000 23.860000
1394,453, 
1395,454,0.684309 659.880000 861.400000 34.900000 44.140000
1396,455,0.560090 396.200000 862.560000 32.840000 15.860000 0.330861 615.680000 338.860000 22.440000 14.610000
1397,456, 
1398,457, 
1399,458,0.546180 782.290000 803.200000 72.250000 23.080000
1400,459,0.263696 536.930000 25.910000 40.000000 27.140000
1401,46,0.703801 739.580000 595.830000 39.580000 48.660000 0.543930 834.400000 317.960000 54.280000 29.650000 0.478220 530.760000 319.810000 16.240000 54.310000 0.346914 212.280000 478.720000 56.540000 29.730000
1402,460,0.444718 933.770000 533.050000 19.750000 27.400000
1403,461,0.237842 794.720000 501.210000 28.620000 28.260000
1404,462, 
1405,463,0.377706 277.180000 427.970000 20.960000 49.160000
1406,464, 
1407,465, 
1408,466, 
1409,467, 
1410,468, 
1411,469, 
1412,47,0.283425 757.500000 27.860000 34.070000 43.410000
1413,470, 
1414,471, 
1415,472,0.802497 313.010000 271.680000 68.500000 33.940000
1416,473, 
1417,474,0.303693 573.430000 235.170000 18.800000 17.170000
1418,475,0.338997 0.000000 13.590000 28.170000 45.910000
1419,476,0.321154 340.150000 729.980000 37.200000 45.720000
1420,477,0.358972 746.350000 235.660000 32.730000 40.620000
1421,478,0.285056 439.830000 451.790000 33.090000 34.780000
1422,479, 
1423,48, 
1424,480,0.595698 412.750000 935.370000 99.190000 72.250000 0.445195 141.860000 547.380000 33.750000 57.250000
1425,481, 
1426,482,0.248125 437.340000 587.060000 10.430000 49.660000
1427,483, 
1428,484, 
1429,485, 
1430,486, 
1431,487,0.278338 781.820000 731.810000 14.350000 29.920000
1432,488, 
1433,489, 
1434,49,0.296419 212.710000 751.490000 39.380000 37.430000
1435,490,0.372604 255.390000 6.610000 47.800000 58.510000
1436,491,0.819924 710.800000 401.390000 21.200000 92.640000 0.789157 219.630000 558.010000 63.220000 25.540000 0.475095 537.430000 925.700000 35.980000 95.710000
1437,492,0.619120 71.550000 85.140000 25.710000 49.910000 0.393434 459.760000 206.840000 51.760000 47.940000
1438,493,0.277125 491.430000 548.980000 52.350000 19.990000
1439,494,0.387927 746.360000 662.530000 29.460000 48.970000
1440,495, 
1441,496,0.417315 199.370000 205.390000 23.020000 47.300000
1442,497, 
1443,498, 
1444,499, 
1445,5, 
1446,50, 
1447,500, 
1448,501,0.249614 919.230000 700.580000 33.560000 18.050000
1449,502, 
1450,503,0.499244 807.110000 144.190000 30.580000 40.210000 0.278168 676.830000 873.850000 16.400000 60.190000
1451,504, 
1452,505,0.248181 578.020000 544.590000 60.710000 40.110000
1453,506, 
1454,507, 
1455,508,0.319163 122.830000 688.990000 16.320000 70.470000
1456,509,0.578604 524.590000 710.200000 26.550000 51.150000 0.370372 4.860000 261.740000 43.500000 39.360000 0.328061 859.550000 58.940000 24.070000 71.680000
1457,51, 
1458,510,0.409326 302.850000 890.030000 42.960000 29.770000 0.407541 404.740000 137.240000 54.570000 37.970000
1459,511,0.483299 461.510000 751.090000 19.940000 47.310000 0.239245 311.810000 608.040000 44.090000 28.610000
1460,512,0.294429 38.180000 11.620000 47.120000 25.620000 0.237475 881.240000 653.500000 46.210000 29.080000
1461,513, 
1462,514, 
1463,515, 
1464,516, 
1465,517, 
1466,518,0.263722 955.490000 426.920000 45.060000 40.970000
1467,519, 
1468,52,0.244773 847.320000 944.460000 55.610000 34.840000
1469,520, 
1470,521,0.289735 116.850000 378.240000 59.370000 14.860000
1471,522,0.300100 212.920000 252.480000 33.030000 40.450000 0.269365 402.850000 142.900000 18.810000 55.330000
1472,523, 
1473,524,0.447014 506.940000 490.450000 23.870000 54.310000
1474,525, 
1475,526,0.492835 563.210000 839.040000 29.260000 17.930000
1476,527, 
1477,528, 
1478,529, 
1479,53,0.688326 692.350000 728.300000 68.050000 83.000000
1480,530, 
1481,531, 
1482,532, 
1483,533,0.258594 418.290000 84.580000 14.270000 60.910000
1484,534,0.317440 737.100000 68.870000 22.970000 60.120000
1485,535,0.269086 817.580000 277.460000 39.710000 35.510000
1486,536,0.324677 281.050000 769.140000 36.870000 49.550000
1487,537, 
1488,538, 
1489,539, 
1490,54, 
1491,540,0.244912 941.380000 650.750000 15.010000 30.670000
1492,541,0.350551 613.980000 456.070000 46.700000 32.450000 0.284993 48.110000 135.580000 21.450000 46.470000
1493,542,0.671318 250.760000 789.620000 9.680000 52.520000 0.423170 985.660000 760.660000 34.710000 92.050000
1494,543, 
1495,544,0.268097 599.270000 174.510000 40.450000 48.700000
1496,545,0.307672 967.390000 118.800000 10.420000 42.820000
1497,546,0.251738 543.550000 592.600000 42.710000 42.310000
1498,547, 
1499,548,0.492399 948.340000 55.450000 8.330000 51.820000
1500,549, 
1501,55,0.370684 1001.320000 685.720000 17.960000 64.160000
1502,550, 
1503,551,0.695632 448.980000 644.110000 52.540000 25.350000
1504,552,0.571134 8.070000 717.530000 21.470000 51.540000
1505,553, 
1506,554, 
1507,555, 
1508,556, 
1509,557, 
1510,558,0.397868 0.000000 840.570000 39.510000 29.460000
1511,559, 
1512,56,0.414207 17.830000 911.870000 20.350000 64.160000
1513,560,0.437024 672.590000 342.590000 57.960000 21.880000
1514,561, 
1515,562, 
1516,563,0.316260 633.810000 175.140000 9.200000 53.810000
1517,564, 
1518,565, 
1519,566,0.537469 804.640000 347.710000 8.880000 49.920000
1520,567,0.388732 610.590000 789.110000 31.800000 21.760000 0.239157 657.300000 748.980000 15.490000 54.390000
1521,568,0.320226 825.680000 573.970000 8.860000 31.710000
1522,569, 
1523,57,0.327087 544.280000 446.990000 42.740000 46.170000
1524,570, 
1525,571, 
1526,572, 
1527,573, 
1528,574, 
1529,575, 
1530,576, 
1531,577, 
1532,578, 
1533,579,0.384483 877.990000 201.990000 59.760000 43.190000 0.349001 919.050000 3.790000 48.300000 8.070000
1534,58,0.581082 980.680000 604.860000 39.950000 46.210000
1535,580, 
1536,581,0.670721 961.630000 830.500000 30.990000 73.820000
1537,582, 
1538,583, 
1539,584, 
1540,585,0.432671 206.900000 930.210000 45.170000 25.140000
1541,586,0.259465 866.700000 283.110000 9.600000 39.150000
1542,587, 
1543,588,0.425558 789.820000 956.710000 44.250000 58.010000
1544,589, 
1545,59,0.723040 456.540000 218.790000 38.150000 43.870000
1546,590, 
1547,591, 
1548,592,0.308090 86.040000 817.260000 30.170000 7.850000
1549,593,0.369419 735.350000 205.580000 21.200000 78.490000 0.256824 322.360000 91.020000 67.100000 17.730000
1550,594, 
1551,595,0.392897 406.830000 14.760000 40.990000 42.200000 0.288512 834.790000 619.940000 53.480000 9.790000
1552,596,0.284936 265.060000 455.170000 52.340000 8.920000
1553,597,0.511472 496.500000 191.260000 39.630000 31.310000
1554,598, 
1555,599,0.463506 414.390000 625.230000 10.460000 28.250000
1556,6, 
1557,60, 
1558,600, 
1559,601,0.473121 91.940000 657.660000 61.330000 42.310000 0.247321 175.570000 552.050000 59.180000 32.350000
1560,602,0.260248 477.590000 314.680000 56.190000 17.470000
1561,603,0.584508 385.110000 961.560000 57.250000 31.130000 0.574379 649.020000 458.750000 46.850000 53.300000 0.312728 757.090000 789.090000 28.790000 51.520000
1562,604,0.614491 916.400000 4.920000 37.010000 78.600000 0.327396 144.650000 543.420000 47.330000 29.570000
1563,605, 
1564,606, 
1565,607,0.553836 484.810000 133.730000 50.900000 29.580000
1566,608,0.345026 243.360000 62.600000 22.530000 84.700000 0.256767 777.230000 685.180000 19.040000 62.430000
1567,609, 
1568,61, 
1569,610, 
1570,611,0.487550 147.640000 62.550000 24.990000 47.600000
1571,612,0.343073 622.830000 872.020000 31.470000 16.180000
1572,613, 
1573,614, 
1574,615,0.347055 461.680000 774.870000 53.370000 33.790000 0.285928 634.460000 117.560000 8.590000 49.540000
1575,616,0.338390 760.320000 985.020000 46.600000 32.510000 0.314047 808.370000 693.110000 57.100000 19.300000 0.251993 623.030000 388.930000 12.270000 35.020000
1576,617,0.349164 778.280000 708.700000 15.890000 53.340000 0.241316 116.900000 294.370000 47.250000 38.090000
1577,618, 
1578,619, 
1579,62, 
1580,620, 
1581,621, 
1582,622, 
1583,623, 
1584,624,0.749098 354.790000 558.450000 34.360000 62.490000
1585,625, 
1586,626, 
1587,627, 
1588,628,0.616150 265.870000 10.870000 48.740000 94.250000
1589,629, 
1590,63,0.342405 505.400000 51.540000 45.240000 29.750000
1591,630,0.236735 187.940000 443.550000 48.410000 25.170000
1592,631,0.425886 414.550000 862.960000 29.860000 43.040000
1593,632, 
1594,633,0.296595 395.870000 92.500000 64.440000 16.420000
1595,634,0.398237 352.160000 254.860000 61.780000 21.490000
1596,635,0.393475 391.850000 594.080000 33.200000 34.390000
1597,636,0.250146 262.600000 643.100000 48.040000 27.240000
1598,637,0.384630 93.740000 554.840000 34.520000 51.840000
1599,638,0.498896 583.430000 540.040000 22.460000 41.850000
1600,639, 
1601,64, 
1602,640, 
1603,641, 
1604,642, 
1605,643, 
1606,644, 
1607,645,0.453658 454.210000 255.870000 15.340000 54.600000
1608,646,0.247827 561.150000 540.570000 10.490000 50.910000
1609,647, 
1610,648,0.460574 58.880000 334.060000 88.080000 30.490000
1611,649,0.833289 300.570000 20.310000 23.430000 79.840000 0.349121 376.530000 506.890000 22.130000 18.270000
1612,65, 
1613,650,0.661066 99.580000 908.320000 77.400000 24.410000 0.552088 899.980000 395.590000 26.730000 71.100000
1614,651,0.295304 812.030000 164.930000 28.600000 52.140000 0.277062 84.900000 808.540000 45.330000 37.710000
1615,652, 
1616,653, 
1617,654, 
1618,655, 
1619,656, 
1620,657,0.416299 557.080000 831.400000 19.320000 23.350000 0.272723 194.830000 113.810000 48.670000 34.470000
1621,658, 
1622,659,0.628749 873.150000 528.250000 29.270000 57.110000 0.350967 796.380000 900.090000 30.250000 43.360000
1623,66, 
1624,660, 
1625,661, 
1626,662,0.380836 838.670000 38.450000 60.430000 53.820000
1627,663, 
1628,664,0.425578 941.780000 306.940000 49.520000 36.660000
1629,665, 
1630,666,0.436497 905.390000 606.360000 62.690000 24.670000
1631,667, 
1632,668, 
1633,669,0.337042 52.670000 835.860000 34.150000 52.050000
1634,67,0.328668 948.810000 559.850000 8.920000 41.540000 0.311051 676.250000 14.220000 47.970000 22.730000
1635,670,0.282061 173.300000 941.040000 39.590000 36.720000
1636,671,0.300042 589.270000 658.140000 42.690000 29.040000
1637,672,0.315190 346.250000 855.480000 40.970000 13.740000
1638,673,0.356738 158.120000 477.980000 21.870000 64.240000 0.322920 64.490000 157.500000 14.990000 42.550000 0.239162 729.040000 11.060000 26.310000 21.310000
1639,674,0.530251 391.180000 935.160000 25.330000 71.960000
1640,675, 
1641,676,0.499591 739.340000 433.000000 27.080000 50.880000 0.242043 509.450000 144.980000 48.620000 27.360000
1642,677,0.500302 740.960000 50.700000 68.030000 37.310000 0.432059 379.190000 249.250000 29.500000 32.540000 0.236530 282.730000 207.620000 51.950000 36.500000
1643,678, 
1644,679,0.482057 697.020000 18.370000 30.560000 44.670000 0.473819 506.540000 875.260000 18.590000 49.210000 0.279371 340.870000 920.530000 68.310000 35.030000 0.275282 154.030000 565.160000 55.390000 52.590000 0.262861 306.530000 457.530000 25.230000 27.820000
1645,68,0.896308 256.630000 524.540000 23.670000 56.540000 0.434962 400.520000 675.480000 27.120000 103.120000
1646,680, 
1647,681, 
1648,682, 
1649,683,0.417709 997.060000 351.540000 14.030000 58.280000 0.385902 676.470000 809.010000 36.760000 48.070000
1650,684, 
1651,685, 
1652,686,0.258338 409.530000 930.750000 15.720000 21.090000
1653,687, 
1654,688,0.239673 841.780000 731.300000 17.990000 25.720000 0.234798 977.180000 295.730000 44.620000 32.890000
1655,689, 
1656,69, 
1657,690,0.338069 876.780000 806.890000 19.960000 28.920000
1658,691, 
1659,692,0.477323 672.710000 504.000000 11.880000 82.110000 0.278830 916.850000 808.870000 8.700000 45.520000
1660,693,0.563338 145.490000 24.390000 47.140000 35.440000
1661,694, 
1662,695, 
1663,696, 
1664,697, 
1665,698, 
1666,699, 
1667,7, 
1668,70, 
1669,700,0.430617 892.630000 853.440000 22.060000 70.330000
1670,701, 
1671,702, 
1672,703, 
1673,704,0.326137 826.230000 789.910000 20.790000 37.920000 0.308586 541.410000 681.800000 8.300000 54.480000
1674,705, 
1675,706, 
1676,707,0.236516 141.930000 771.280000 11.430000 68.840000
1677,708, 
1678,709,0.418789 790.290000 573.340000 27.400000 64.500000 0.331035 715.050000 0.000000 16.990000 57.640000
1679,71,0.481320 223.070000 302.190000 17.650000 63.330000
1680,710,0.290928 1000.540000 784.720000 17.820000 65.650000 0.280537 7.250000 598.660000 40.440000 42.120000
1681,711, 
1682,712,0.527817 308.170000 481.080000 68.380000 29.640000 0.325238 299.260000 170.550000 9.990000 53.630000
1683,713,0.352572 7.000000 373.930000 31.770000 8.570000 0.293555 415.760000 556.100000 42.610000 37.200000
1684,714,0.460320 945.290000 917.500000 47.140000 62.980000 0.272586 816.760000 622.520000 13.830000 25.860000 0.247321 552.620000 79.010000 22.020000 15.390000
1685,715,0.420968 238.510000 394.830000 11.010000 33.160000
1686,716, 
1687,717, 
1688,718,0.400781 639.910000 713.930000 74.460000 16.040000
1689,719,0.239216 114.970000 979.240000 53.010000 22.260000 0.238759 924.460000 343.300000 45.350000 27.240000
1690,72, 
1691,720,0.304384 190.830000 303.450000 65.860000 18.490000
1692,721,0.343016 621.450000 215.470000 8.930000 39.280000
1693,722,0.368085 835.120000 995.020000 22.430000 26.780000
1694,723, 
1695,724, 
1696,725,0.596243 866.150000 717.600000 73.460000 38.940000
1697,726, 
1698,727,0.317390 881.580000 843.620000 24.040000 26.670000
1699,728,0.611074 45.290000 85.280000 15.210000 53.770000
1700,729, 
1701,73,0.233998 766.900000 910.160000 14.590000 58.780000
1702,730,0.259511 0.530000 962.320000 44.660000 15.520000 0.246112 1003.170000 613.990000 18.290000 19.880000
1703,731,0.369155 471.380000 245.220000 21.810000 22.600000 0.300892 69.690000 907.850000 22.870000 46.830000 0.268961 16.750000 503.750000 54.670000 42.060000
1704,732,0.459836 37.540000 725.020000 30.010000 60.320000
1705,733,0.336341 291.680000 653.290000 52.060000 72.330000
1706,734,0.300971 818.150000 617.380000 44.180000 12.250000
1707,735,0.468720 860.790000 578.810000 32.110000 37.280000 0.414874 114.310000 581.430000 23.140000 55.090000 0.267119 54.380000 566.940000 28.790000 13.730000
1708,736,0.245262 449.460000 729.730000 32.680000 16.120000
1709,737, 
1710,738,0.598656 897.120000 377.850000 52.190000 32.730000 0.589270 365.080000 495.410000 45.800000 37.140000
1711,739,0.303718 35.990000 969.000000 10.900000 32.960000
1712,74,0.531813 140.530000 370.270000 42.920000 40.130000
1713,740,0.314592 21.110000 1.230000 27.170000 49.780000
1714,741, 
1715,742, 
1716,743, 
1717,744,0.537776 410.810000 783.180000 44.290000 74.320000
1718,745, 
1719,746, 
1720,747, 
1721,748,0.482574 265.940000 898.260000 16.830000 20.300000 0.423246 244.860000 267.460000 24.760000 74.710000
1722,749, 
1723,75,0.555209 444.860000 81.830000 8.140000 53.960000 0.418867 195.770000 181.580000 26.590000 41.120000 0.415845 286.380000 810.190000 41.750000 28.490000
1724,750,0.477127 119.670000 585.400000 44.700000 47.150000
1725,751, 
1726,752,0.244972 418.140000 256.590000 37.130000 53.100000
1727,753,0.244771 4.260000 108.990000 35.580000 41.780000
1728,754,0.532065 462.430000 847.970000 106.540000 83.680000
1729,755,0.250755 22.480000 212.080000 21.380000 57.120000
1730,756, 
1731,757, 
1732,758, 
1733,759, 
1734,76,0.451614 763.880000 562.090000 30.580000 51.950000 0.284621 430.280000 525.870000 25.300000 33.850000
1735,760, 
1736,761,0.243484 990.550000 384.220000 9.500000 49.130000
1737,762, 
1738,763,0.580174 270.400000 856.940000 27.470000 45.270000
1739,764, 
1740,765,0.564914 366.480000 857.340000 36.080000 41.710000
1741,766, 
1742,767, 
1743,768, 
1744,769, 
1745,77, 
1746,770, 
1747,771, 
1748,772, 
1749,773,0.333704 115.490000 511.150000 21.160000 44.390000
1750,774, 
1751,775,0.922074 733.000000 639.950000 54.520000 32.480000
1752,776, 
1753,777,0.641664 813.730000 474.080000 38.660000 45.170000 0.598999 308.500000 451.220000 33.740000 35.920000 0.459039 246.390000 52.740000 53.050000 31.960000
1754,778, 
1755,779, 
1756,78, 
1757,780, 
1758,781,0.306602 814.300000 37.030000 8.990000 48.080000
1759,782,0.660227 6.100000 178.300000 31.280000 49.700000 0.328980 111.970000 6.500000 40.490000 39.080000
1760,783,0.359311 972.430000 389.230000 35.280000 75.520000 0.247798 591.000000 932.980000 49.310000 17.040000
1761,784, 
1762,785, 
1763,786, 
1764,787, 
1765,788,0.804898 663.750000 779.840000 27.310000 53.890000 0.583011 463.980000 552.050000 17.220000 25.870000
1766,789, 
1767,79,0.503025 988.720000 537.070000 31.350000 43.000000 0.474628 853.280000 34.290000 63.940000 21.180000 0.389458 343.320000 319.450000 38.940000 62.300000
1768,790, 
1769,791, 
1770,792, 
1771,793, 
1772,794,0.415656 589.480000 753.700000 57.310000 67.540000
1773,795, 
1774,796, 
1775,797, 
1776,798,0.312237 464.160000 426.190000 108.420000 38.680000
1777,799, 
1778,8,0.251643 193.750000 57.760000 18.490000 49.550000
1779,80, 
1780,800,0.347332 854.210000 145.890000 36.400000 13.690000
1781,801,0.430361 138.410000 546.100000 14.300000 59.900000 0.251476 387.430000 52.290000 19.550000 37.650000
1782,802,0.460960 515.080000 6.120000 40.200000 46.940000
1783,803,0.638247 640.860000 335.710000 21.380000 56.050000
1784,804,0.234041 328.610000 660.630000 49.590000 37.600000
1785,805,0.702768 972.420000 506.150000 32.080000 56.090000 0.411110 535.110000 591.730000 10.450000 45.330000
1786,806,0.334328 475.000000 729.100000 32.150000 40.780000
1787,807,0.286823 148.820000 191.310000 14.370000 31.960000
1788,808, 
1789,809, 
1790,81, 
1791,810,0.271652 177.070000 445.110000 22.500000 46.230000 0.246604 866.270000 759.280000 53.800000 44.200000
1792,811, 
1793,812,0.410657 352.350000 482.900000 10.560000 80.700000
1794,813, 
1795,814,0.390379 843.200000 840.900000 43.190000 40.180000
1796,815,0.259510 37.820000 722.000000 21.920000 57.190000
1797,816, 
1798,817, 
1799,818, 
1800,819,0.560444 966.740000 509.820000 10.030000 53.940000
1801,82, 
1802,820,0.333939 635.560000 946.970000 17.550000 44.520000
1803,821, 
1804,822,0.285315 625.000000 396.920000 20.150000 29.510000
1805,823,0.746121 755.260000 263.200000 37.620000 46.310000 0.464965 653.410000 603.470000 54.970000 19.390000 0.364281 899.350000 392.850000 39.420000 17.230000
1806,824, 
1807,825,0.332422 769.990000 462.930000 27.850000 55.040000
1808,826, 
1809,827, 
1810,828, 
1811,829, 
1812,83, 
1813,830, 
1814,831,0.408929 625.700000 91.340000 54.580000 29.850000
1815,832, 
1816,833,0.517013 937.390000 209.830000 8.400000 51.830000
1817,834, 
1818,835,0.330604 525.610000 405.000000 26.900000 48.230000
1819,836,0.257557 449.010000 690.690000 47.370000 19.370000
1820,837, 
1821,838, 
1822,839, 
1823,84, 
1824,840, 
1825,841, 
1826,842,0.287695 884.370000 735.430000 29.150000 43.020000
1827,843,0.532820 129.990000 870.420000 37.700000 56.720000
1828,844, 
1829,845, 
1830,846, 
1831,847, 
1832,848, 
1833,849, 
1834,85, 
1835,850, 
1836,851,0.403169 23.170000 141.260000 21.120000 87.930000 0.295756 904.250000 381.010000 44.820000 39.580000 0.235100 304.950000 924.810000 35.860000 32.060000
1837,852, 
1838,853,0.488024 525.030000 853.040000 20.500000 21.990000 0.312296 649.320000 812.090000 27.730000 10.580000
1839,854,0.307874 834.980000 255.350000 29.270000 65.760000
1840,855,0.708174 189.270000 800.950000 58.180000 31.910000
1841,856, 
1842,857, 
1843,858, 
1844,859,0.502770 834.190000 537.820000 16.550000 28.370000 0.310654 79.480000 699.820000 32.360000 52.820000
1845,86,0.431125 865.290000 788.640000 48.270000 29.120000
1846,860,0.422772 125.230000 663.320000 47.890000 32.540000
1847,861, 
1848,862, 
1849,863,0.428729 674.750000 277.710000 49.340000 23.350000
1850,864, 
1851,865,0.557016 184.980000 487.130000 36.060000 64.250000 0.380316 511.860000 566.810000 51.000000 24.160000
1852,866, 
1853,867,0.377020 13.400000 54.700000 51.740000 30.940000 0.316102 688.580000 324.100000 58.220000 36.930000
1854,868, 
1855,869,0.363429 546.080000 956.610000 41.310000 62.860000
1856,87,0.440952 972.090000 713.310000 14.950000 55.420000 0.343100 542.720000 434.120000 17.250000 31.130000
1857,870, 
1858,871, 
1859,872, 
1860,873, 
1861,874, 
1862,875,0.410507 419.520000 5.270000 22.600000 16.630000
1863,876,0.499861 475.420000 431.240000 64.570000 29.680000
1864,877,0.334760 329.100000 194.120000 64.490000 69.730000
1865,878,0.473256 109.830000 797.200000 31.390000 38.090000 0.269122 96.870000 259.810000 121.360000 19.970000
1866,879,0.533750 800.57 379.47 32.49 37.49
1867,88, 
1868,880, 
1869,881,0.336001 645.870000 586.280000 32.360000 58.740000
1870,882,0.707004 973.530000 65.860000 31.380000 63.530000
1871,883, 
1872,884,0.411041 753.280000 671.120000 10.240000 56.700000 0.243079 479.000000 259.000000 13.880000 58.440000
1873,885,0.587136 248.430000 747.490000 11.920000 42.450000
1874,886, 
1875,887, 
1876,888, 
1877,889, 
1878,89, 
1879,890,0.261661 70.690000 916.470000 8.330000 28.670000
1880,891,0.379773 805.220000 173.980000 11.480000 51.060000
1881,892,0.328773 156.630000 996.520000 52.650000 24.430000
1882,893,0.303452 510.670000 588.380000 14.080000 64.520000
1883,894, 
1884,895,0.244378 280.680000 916.050000 16.000000 56.650000
1885,896, 
1886,897,0.341977 645.740000 731.410000 68.700000 24.420000
1887,898,0.338315 350.460000 961.230000 36.520000 40.420000 0.291319 85.660000 686.820000 49.750000 22.050000
1888,899,0.487233 760.860000 308.980000 39.010000 38.850000
1889,9,0.427490 596.120000 912.020000 28.460000 63.240000
1890,90, 
1891,900, 
1892,901,0.241535 213.220000 808.510000 9.010000 61.390000
1893,902,0.488548 938.060000 45.510000 12.370000 36.510000
1894,903,0.375531 726.840000 449.420000 23.330000 52.000000 0.284834 727.530000 465.830000 17.300000 33.170000
1895,904,0.481348 250.070000 978.420000 18.000000 25.150000
1896,905,0.784708 930.420000 105.250000 67.590000 40.040000
1897,906, 
1898,907, 
1899,908,0.384412 862.230000 229.930000 40.410000 14.640000
1900,909,0.337315 67.390000 163.830000 13.060000 28.520000 0.244429 521.430000 511.220000 46.140000 30.720000
1901,91,0.321164 423.710000 159.560000 29.950000 64.360000
1902,910,0.245604 43.130000 820.290000 10.000000 34.000000
1903,911, 
1904,912, 
1905,913, 
1906,914,0.289270 491.590000 916.690000 21.490000 36.160000
1907,915,0.330919 94.900000 227.370000 26.260000 42.040000
1908,916, 
1909,917, 
1910,918, 
1911,919, 
1912,92, 
1913,920, 
1914,921, 
1915,922,0.416707 840.560000 15.950000 82.730000 53.610000
1916,923, 
1917,924,0.650861 229.970000 487.490000 29.370000 43.220000
1918,925, 
1919,926,0.482541 483.860000 642.670000 12.720000 30.200000
1920,927, 
1921,928, 
1922,929, 
1923,93,0.311783 806.340000 128.420000 21.940000 16.910000
1924,930, 
1925,931, 
1926,932, 
1927,933,0.237625 621.750000 320.100000 14.630000 57.400000
1928,934,0.347308 987.370000 476.350000 31.890000 14.740000
1929,935,0.264996 166.260000 761.480000 25.340000 18.430000
1930,936, 
1931,937, 
1932,938, 
1933,939, 
1934,94, 
1935,940,0.303348 956.290000 230.080000 38.300000 9.640000
1936,941, 
1937,942, 
1938,943, 
1939,944, 
1940,945, 
1941,946,0.413914 447.310000 864.520000 89.310000 35.170000 0.249503 248.700000 923.410000 13.620000 23.990000
1942,947, 
1943,948, 
1944,949,0.367835 44.130000 608.950000 35.650000 37.860000
1945,95,0.369741 731.800000 17.720000 16.350000 25.350000
1946,950, 
1947,951, 
1948,952, 
1949,953, 
1950,954,0.278629 316.440000 981.180000 45.660000 38.160000 0.272548 477.520000 461.240000 37.680000 34.850000
1951,955, 
1952,956, 
1953,957, 
1954,958, 
1955,959, 
1956,96,0.663279 119.040000 467.410000 43.720000 55.860000 0.382172 488.470000 393.150000 32.380000 10.190000
1957,960, 
1958,961,0.372664 179.860000 397.750000 53.410000 39.090000 0.278616 229.350000 472.220000 19.770000 28.630000
1959,962, 
1960,963,0.351058 809.890000 257.960000 50.950000 27.070000
1961,964, 
1962,965,0.360525 426.950000 126.250000 45.060000 53.000000
1963,966, 
1964,967,0.323217 570.860000 958.040000 51.370000 21.180000
1965,968, 
1966,969,0.347500 186.640000 859.250000 37.350000 30.760000
1967,97,0.439926 840.500000 603.510000 36.190000 36.410000
1968,970, 
1969,971, 
1970,972, 
1971,973,0.598226 828.060000 819.210000 56.070000 38.090000
1972,974,0.347572 751.510000 281.350000 30.860000 10.600000
1973,975,0.515301 2.510000 596.990000 38.970000 32.570000 0.397497 871.640000 912.400000 24.680000 24.070000 0.242677 966.740000 715.840000 19.480000 59.740000
1974,976, 
1975,977,0.406946 265.400000 533.830000 28.670000 49.280000
1976,978,0.397030 104.920000 2.200000 29.980000 37.680000 0.270151 281.000000 554.390000 55.040000 31.890000
1977,979, 
1978,98, 
1979,980,0.553740 265.930000 717.630000 55.500000 27.950000
1980,981,0.683157 540.760000 955.000000 25.160000 54.110000 0.241627 593.030000 440.790000 45.400000 49.880000
1981,982, 
1982,983, 
1983,984,0.602983 15.680000 402.890000 17.070000 61.160000
1984,985,0.357843 506.440000 387.820000 39.280000 43.370000
1985,986, 
1986,987, 
1987,988,0.505136 25.550000 430.320000 21.570000 50.420000 0.463478 311.760000 868.910000 18.070000 23.850000
1988,989, 
1989,99, 
1990,990,0.608372 284.830000 932.830000 34.440000 80.060000
1991,991, 
1992,992,0.535319 523.080000 63.770000 24.710000 47.440000
1993,993, 
1994,994,0.350515 914.780000 810.860000 18.360000 25.140000 0.346774 120.540000 903.730000 34.820000 43.340000
1995,995,0.250875 416.280000 645.180000 43.650000 88.550000
1996,996, 
1997,997, 
1998,998,0.489569 775.890000 298.960000 24.430000 18.030000
1999,999,0.346993 2.560000 583.070000 29.320000 37.910000
